0
tensor([[ 626, 3911, 1903,  ...,    0,    0,    0],
        [ 626, 3114, 3824,  ...,    0,    0,    0],
        [ 626, 3114, 1934,  ...,    0,    0,    0],
        ...,
        [ 626, 3114, 3501,  ...,    0,    0,    0],
        [ 626, 3114, 2104,  ...,    0,    0,    0],
        [ 626, 3114, 2070,  ...,    0,    0,    0]]) tensor([[1809, 4078,  378,  ...,    0,    0,    0],
        [1809, 2015, 1132,  ...,    0,    0,    0],
        [1809, 4538,  378,  ...,    0,    0,    0],
        ...,
        [1809, 2508,  382,  ...,    0,    0,    0],
        [1809, 4441,  382,  ...,    0,    0,    0],
        [1809, 1649,  382,  ...,    0,    0,    0]])
1
tensor([[ 626, 3114, 2304,  ...,    0,    0,    0],
        [ 626, 3911, 1972,  ...,    0,    0,    0],
        [ 626, 3114, 1635,  ...,    0,    0,    0],
        ...,
        [ 626, 3114, 2420,  ...,    0,    0,    0],
        [ 626, 3114, 1673,  ...,    0,    0,    0],
        [ 626, 3114, 3596,  ...,    0,    0,    0]]) tensor([[1809, 3148,  382,  ...,    0,    0,    0],
        [1809,  380, 1132,  ...,    0,    0,    0],
        [1809, 3148,  382,  ...,    0,    0,    0],
        ...,
        [1809, 3653, 1132,  ...,    0,    0,    0],
        [1809, 3989, 1132,  ...,    0,    0,    0],
        [1809, 2477,  382,  ...,    0,    0,    0]])
2
tensor([[ 626, 3114, 1934,  ...,    0,    0,    0],
        [ 626, 3911, 3781,  ...,    0,    0,    0],
        [ 626, 3114, 1490,  ...,    0,    0,    0],
        ...,
        [ 626, 3911, 2814,  ...,    0,    0,    0],
        [ 626, 3114, 1505,  ...,    0,    0,    0],
        [ 626, 3911, 2231,  ...,    0,    0,    0]]) tensor([[1809, 1561, 1132,  ...,    0,    0,    0],
        [1809, 2150, 1132,  ...,    0,    0,    0],
        [1809, 3985,  382,  ...,    0,    0,    0],
        ...,
        [1809, 4467, 1132,  ...,    0,    0,    0],
        [1809, 4710,  382,  ...,    0,    0,    0],
        [1809, 2543,  382,  ...,    0,    0,    0]])
3
tensor([[ 626, 3114, 4039,  ...,    0,    0,    0],
        [ 626, 3911, 1568,  ...,    0,    0,    0],
        [ 626, 3114, 3260,  ...,    0,    0,    0],
        ...,
        [ 626, 3114, 2677,  ...,    0,    0,    0],
        [ 626, 3114, 3050,  ...,    0,    0,    0],
        [ 626, 3911, 2231,  ...,    0,    0,    0]]) tensor([[1809, 3056, 1132,  ...,    0,    0,    0],
        [1809, 1917, 1132,  ...,    0,    0,    0],
        [1809, 4078,  378,  ...,    0,    0,    0],
        ...,
        [1809, 4651, 1132,  ...,    0,    0,    0],
        [1809, 4208, 1132,  ...,    0,    0,    0],
        [1809, 4078,  378,  ...,    0,    0,    0]])
4
tensor([[ 626, 3911, 3319,  ...,    0,    0,    0],
        [ 626, 3114, 2747,  ...,    0,    0,    0],
        [ 626, 3114, 3824,  ...,    0,    0,    0],
        ...,
        [ 626, 3114, 3738,  ...,    0,    0,    0],
        [ 626, 3114, 2304,  ...,    0,    0,    0],
        [ 626, 3911, 2814,  ...,    0,    0,    0]]) tensor([[1809, 3148,  382,  ...,    0,    0,    0],
        [1809, 4437,  382,  ...,    0,    0,    0],
        [1809,  991, 3367,  ...,    0,    0,    0],
        ...,
        [1809, 4078,  378,  ...,    0,    0,    0],
        [1809, 4078,  378,  ...,    0,    0,    0],
        [1809, 4078,  378,  ...,    0,    0,    0]])
5
tensor([[ 626, 3114, 1934,  ...,    0,    0,    0],
        [ 626, 3114, 2774,  ...,    0,    0,    0],
        [ 626, 3114, 3895,  ...,    0,    0,    0],
        ...,
        [ 626, 3114, 3824,  ...,    0,    0,    0],
        [ 626, 3114, 3589,  ...,    0,    0,    0],
        [ 626, 3114, 1925,  ...,    0,    0,    0]]) tensor([[1809, 4402, 1132,  ...,    0,    0,    0],
        [1809, 2796, 1132,  ...,    0,    0,    0],
        [1809, 5004, 1132,  ...,    0,    0,    0],
        ...,
        [1809,  991, 2081,  ...,    0,    0,    0],
        [1809, 1883, 1132,  ...,    0,    0,    0],
        [1809,  991, 4592,  ...,    0,    0,    0]])
6
tensor([[ 626, 3114, 2190,  ...,    0,    0,    0],
        [ 626, 3114, 2190,  ...,    0,    0,    0],
        [ 626, 3114, 3260,  ...,    0,    0,    0],
        ...,
        [ 626, 3911, 1810,  ...,    0,    0,    0],
        [ 626, 3114, 1506,  ...,    0,    0,    0],
        [ 626, 3114, 1679,  ...,    0,    0,    0]]) tensor([[1809, 1568,  382,  ...,    0,    0,    0],
        [1809, 2853, 1132,  ...,    0,    0,    0],
        [1809, 4621, 1132,  ...,    0,    0,    0],
        ...,
        [1809, 4592, 1132,  ...,    0,    0,    0],
        [1809, 3068,  382,  ...,    0,    0,    0],
        [1809,  850,  378,  ...,    0,    0,    0]])
7
tensor([[ 626, 3114, 3824,  ...,    0,    0,    0],
        [ 626, 3114, 3050,  ...,    0,    0,    0],
        [ 626, 3911, 3781,  ...,    0,    0,    0],
        ...,
        [ 626, 3114, 2947,  ...,    0,    0,    0],
        [ 626, 3114, 1514,  ...,    0,    0,    0],
        [ 626, 3114, 2727,  ...,    0,    0,    0]]) tensor([[1809, 4078,  378,  ...,    0,    0,    0],
        [1809, 3897,  378,  ...,    0,    0,    0],
        [1809, 2101,  382,  ...,    0,    0,    0],
        ...,
        [1809, 4078,  378,  ...,    0,    0,    0],
        [1809, 2200, 1132,  ...,    0,    0,    0],
        [1809, 5261, 1132,  ...,    0,    0,    0]])
8
tensor([[ 626, 3114, 1559,  ...,    0,    0,    0],
        [ 626, 3114, 3618,  ...,    0,    0,    0],
        [ 626, 3114, 3065,  ...,    0,    0,    0],
        ...,
        [ 626, 3114, 2304,  ...,    0,    0,    0],
        [ 626, 3114, 4149,  ...,    0,    0,    0],
        [ 626, 3911, 3030,  ...,    0,    0,    0]]) tensor([[1809, 2689, 1132,  ...,    0,    0,    0],
        [1809, 3660, 1132,  ...,    0,    0,    0],
        [1809, 1524, 1132,  ...,    0,    0,    0],
        ...,
        [1809, 2477,  382,  ...,    0,    0,    0],
        [1809, 4078,  378,  ...,    0,    0,    0],
        [1809, 1245,  382,  ...,    0,    0,    0]])
9
tensor([[ 626, 3114, 3738,  ...,    0,    0,    0],
        [ 626, 3114, 1966,  ...,    0,    0,    0],
        [ 626, 3114, 2677,  ...,    0,    0,    0],
        ...,
        [ 626, 3114, 1673,  ...,    0,    0,    0],
        [ 626, 3114, 1514,  ...,    0,    0,    0],
        [ 626, 3114, 1679,  ...,    0,    0,    0]]) tensor([[1809, 4078,  378,  ...,    0,    0,    0],
        [1809, 4592, 1132,  ...,    0,    0,    0],
        [1809, 3897,  378,  ...,    0,    0,    0],
        ...,
        [1809, 4213,  378,  ...,    0,    0,    0],
        [1809, 4078,  378,  ...,    0,    0,    0],
        [1809, 2616,  382,  ...,    0,    0,    0]])
10
tensor([[ 626, 3114, 1635,  ...,    0,    0,    0],
        [ 626, 3114, 2444,  ...,    0,    0,    0],
        [ 626, 3114, 2190,  ...,    0,    0,    0],
        ...,
        [ 626, 3114, 1779,  ...,    0,    0,    0],
        [ 626, 3114, 3369,  ...,    0,    0,    0],
        [ 626, 3114, 3824,  ...,    0,    0,    0]]) tensor([[1809, 1142,  382,  ...,    0,    0,    0],
        [1809, 2402, 1132,  ...,    0,    0,    0],
        [1809, 3897,  378,  ...,    0,    0,    0],
        ...,
        [1809, 1255,  382,  ...,    0,    0,    0],
        [1809, 2996, 1132,  ...,    0,    0,    0],
        [1809, 5036, 1132,  ...,    0,    0,    0]])
11
tensor([[ 626, 3114, 3044,  ...,    0,    0,    0],
        [ 626, 3114, 2582,  ...,    0,    0,    0],
        [ 626, 3114, 1514,  ...,    0,    0,    0],
        ...,
        [ 626, 3114, 1958,  ...,    0,    0,    0],
        [ 626, 3114, 2677,  ...,    0,    0,    0],
        [ 626, 3911, 3319,  ...,    0,    0,    0]]) tensor([[1809, 2172, 1132,  ...,    0,    0,    0],
        [1809,  991, 2760,  ...,    0,    0,    0],
        [1809, 4128, 1132,  ...,    0,    0,    0],
        ...,
        [1809,  941,  382,  ...,    0,    0,    0],
        [1809, 4592,  382,  ...,    0,    0,    0],
        [1809, 3921, 1132,  ...,    0,    0,    0]])
12
tensor([[ 626, 3114, 3073,  ...,    0,    0,    0],
        [ 626, 3911, 2231,  ...,    0,    0,    0],
        [ 626, 3114, 1514,  ...,    0,    0,    0],
        ...,
        [ 626, 3114, 2677,  ...,    0,    0,    0],
        [ 626, 3114, 2747,  ...,    0,    0,    0],
        [ 626, 3114, 2104,  ...,    0,    0,    0]]) tensor([[1809, 3068,  382,  ...,    0,    0,    0],
        [1809,  991, 4492,  ...,    0,    0,    0],
        [1809, 2616,  382,  ...,    0,    0,    0],
        ...,
        [1809, 4592, 1132,  ...,    0,    0,    0],
        [1809, 3125,  382,  ...,    0,    0,    0],
        [1809, 5045, 1132,  ...,    0,    0,    0]])
13
tensor([[ 626, 3911, 3781,  ...,    0,    0,    0],
        [ 626, 3114, 3025,  ...,    0,    0,    0],
        [ 626, 3911, 1810,  ...,    0,    0,    0],
        ...,
        [ 626, 3114, 2104,  ...,    0,    0,    0],
        [ 626, 3114, 2075,  ...,    0,    0,    0],
        [ 626, 3114, 3501,  ...,    0,    0,    0]]) tensor([[1809,  991, 3740,  ...,    0,    0,    0],
        [1809, 3653,  382,  ...,    0,    0,    0],
        [1809, 2477,  382,  ...,    0,    0,    0],
        ...,
        [1809, 3897,  378,  ...,    0,    0,    0],
        [1809, 4133, 1132,  ...,    0,    0,    0],
        [1809,  991, 4825,  ...,    0,    0,    0]])
14
tensor([[ 626, 3114, 2677,  ...,    0,    0,    0],
        [ 626, 3911, 1903,  ...,    0,    0,    0],
        [ 626, 3114, 1490,  ...,    0,    0,    0],
        ...,
        [ 626, 3114, 3501,  ...,    0,    0,    0],
        [ 626, 3114, 3501,  ...,    0,    0,    0],
        [ 626, 3114, 4157,  ...,    0,    0,    0]]) tensor([[1809, 4592, 1132,  ...,    0,    0,    0],
        [1809, 4078,  378,  ...,    0,    0,    0],
        [1809, 3985,  382,  ...,    0,    0,    0],
        ...,
        [1809,  380, 1132,  ...,    0,    0,    0],
        [1809,  991, 4825,  ...,    0,    0,    0],
        [1809, 1524, 1132,  ...,    0,    0,    0]])
15
tensor([[ 626, 3114, 2074,  ...,    0,    0,    0],
        [ 626, 3114, 2444,  ...,    0,    0,    0],
        [ 626, 3114, 3457,  ...,    0,    0,    0],
        ...,
        [ 626, 3911, 3781,  ...,    0,    0,    0],
        [ 626, 3114, 1679,  ...,    0,    0,    0],
        [ 626, 3114, 3050,  ...,    0,    0,    0]]) tensor([[1809, 1524, 1132,  ...,    0,    0,    0],
        [1809, 4324, 1132,  ...,    0,    0,    0],
        [1809, 1973, 1132,  ...,    0,    0,    0],
        ...,
        [1809, 2101,  382,  ...,    0,    0,    0],
        [1809, 2986, 1132,  ...,    0,    0,    0],
        [1809, 3308,  382,  ...,    0,    0,    0]])
16
tensor([[ 626, 3911, 2231,  ...,    0,    0,    0],
        [ 626, 3114, 1810,  ...,    0,    0,    0],
        [ 626, 3114, 2420,  ...,    0,    0,    0],
        ...,
        [ 626, 3114, 3618,  ...,    0,    0,    0],
        [ 626, 3114, 1559,  ...,    0,    0,    0],
        [ 626, 3911, 2677,  ...,    0,    0,    0]]) tensor([[1809, 2487,  382,  ...,    0,    0,    0],
        [1809, 3861, 1132,  ...,    0,    0,    0],
        [1809, 5361,  382,  ...,    0,    0,    0],
        ...,
        [1809, 1372, 1132,  ...,    0,    0,    0],
        [1809, 4213,  378,  ...,    0,    0,    0],
        [1809, 4592, 1132,  ...,    0,    0,    0]])
17
tensor([[ 626, 3114, 3824,  ...,    0,    0,    0],
        [ 626, 3114, 3824,  ...,    0,    0,    0],
        [ 626, 3911, 1903,  ...,    0,    0,    0],
        ...,
        [ 626, 3114, 2408,  ...,    0,    0,    0],
        [ 626, 3114, 3300,  ...,    0,    0,    0],
        [ 626, 3911, 1939,  ...,    0,    0,    0]]) tensor([[1809, 4538,  378,  ...,    0,    0,    0],
        [1809, 3897,  378,  ...,    0,    0,    0],
        [1809, 4767,  382,  ...,    0,    0,    0],
        ...,
        [1809, 4078,  378,  ...,    0,    0,    0],
        [1809,  380, 1132,  ...,    0,    0,    0],
        [1809, 2573, 1132,  ...,    0,    0,    0]])
18
tensor([[ 626, 3114, 1966,  ...,    0,    0,    0],
        [ 626, 3114, 3824,  ...,    0,    0,    0],
        [ 626, 3114, 3501,  ...,    0,    0,    0],
        ...,
        [ 626, 3114, 1514,  ...,    0,    0,    0],
        [ 626, 3114, 2677,  ...,    0,    0,    0],
        [ 626, 3911, 1568,  ...,    0,    0,    0]]) tensor([[1809, 4337, 1132,  ...,    0,    0,    0],
        [1809, 4982,  378,  ...,    0,    0,    0],
        [1809, 4575,  382,  ...,    0,    0,    0],
        ...,
        [1809, 4124, 1132,  ...,    0,    0,    0],
        [1809, 4538,  378,  ...,    0,    0,    0],
        [1809, 1371, 1132,  ...,    0,    0,    0]])
19
tensor([[ 626, 3911, 3319,  ...,    0,    0,    0],
        [ 626, 3114, 1505,  ...,    0,    0,    0],
        [ 626, 3114, 1997,  ...,    0,    0,    0],
        ...,
        [ 626, 3114, 4157,  ...,    0,    0,    0],
        [ 626, 3114, 3824,  ...,    0,    0,    0],
        [ 626, 3114, 2104,  ...,    0,    0,    0]]) tensor([[1809, 4078,  378,  ...,    0,    0,    0],
        [1809, 2403,  382,  ...,    0,    0,    0],
        [1809, 4514,  382,  ...,    0,    0,    0],
        ...,
        [1809,  991, 1752,  ...,    0,    0,    0],
        [1809, 4078,  378,  ...,    0,    0,    0],
        [1809, 2477,  382,  ...,    0,    0,    0]])
20
tensor([[ 626, 3911, 1514,  ...,    0,    0,    0],
        [ 626, 3911, 1972,  ...,    0,    0,    0],
        [ 626, 3114, 2420,  ...,    0,    0,    0],
        ...,
        [ 626, 3114, 4149,  ...,    0,    0,    0],
        [ 626, 3911, 1568,  ...,    0,    0,    0],
        [ 626, 3114, 1514,  ...,    0,    0,    0]]) tensor([[1809, 2896,  382,  ...,    0,    0,    0],
        [1809, 3897,  378,  ...,    0,    0,    0],
        [1809, 3897,  378,  ...,    0,    0,    0],
        ...,
        [1809, 3897,  378,  ...,    0,    0,    0],
        [1809, 4078,  378,  ...,    0,    0,    0],
        [1809, 2615, 1132,  ...,    0,    0,    0]])
21
tensor([[ 626, 3911, 1810,  ...,    0,    0,    0],
        [ 626, 3114, 2677,  ...,    0,    0,    0],
        [ 626, 3114, 3664,  ...,    0,    0,    0],
        ...,
        [ 626, 3114, 3457,  ...,    0,    0,    0],
        [ 626, 3114, 1794,  ...,    0,    0,    0],
        [ 626, 3114, 3050,  ...,    0,    0,    0]]) tensor([[1809, 4888,  382,  ...,    0,    0,    0],
        [1809, 4080, 1132,  ...,    0,    0,    0],
        [1809, 3548,  382,  ...,    0,    0,    0],
        ...,
        [1809, 3777, 1132,  ...,    0,    0,    0],
        [1809, 4982,  378,  ...,    0,    0,    0],
        [1809, 4538,  378,  ...,    0,    0,    0]])
22
tensor([[ 626, 3911, 2231,  ...,    0,    0,    0],
        [ 626, 3911, 2814,  ...,    0,    0,    0],
        [ 626, 3114, 1781,  ...,    0,    0,    0],
        ...,
        [ 626, 3114, 2325,  ...,    0,    0,    0],
        [ 626, 3911, 2814,  ...,    0,    0,    0],
        [ 626, 3911, 1903,  ...,    0,    0,    0]]) tensor([[1809, 4494,  382,  ...,    0,    0,    0],
        [1809, 4078,  378,  ...,    0,    0,    0],
        [1809,  991, 4796,  ...,    0,    0,    0],
        ...,
        [1809, 2796, 1132,  ...,    0,    0,    0],
        [1809, 4078,  378,  ...,    0,    0,    0],
        [1809, 5409, 1132,  ...,    0,    0,    0]])
23
tensor([[ 626, 3911, 2231,  ...,    0,    0,    0],
        [ 626, 3911, 3254,  ...,    0,    0,    0],
        [ 626, 3114, 1514,  ...,    0,    0,    0],
        ...,
        [ 626, 3114, 1505,  ...,    0,    0,    0],
        [ 626, 3114, 2104,  ...,    0,    0,    0],
        [ 626, 3114, 1850,  ...,    0,    0,    0]]) tensor([[1809, 3950,  382,  ...,    0,    0,    0],
        [1809, 1982,  382,  ...,    0,    0,    0],
        [1809, 2615, 1132,  ...,    0,    0,    0],
        ...,
        [1809, 4078,  378,  ...,    0,    0,    0],
        [1809,  991, 4635,  ...,    0,    0,    0],
        [1809,  840, 1132,  ...,    0,    0,    0]])
24
tensor([[ 626, 3114, 1505,  ...,    0,    0,    0],
        [ 626, 3114, 2104,  ...,    0,    0,    0],
        [ 626, 3911, 1568,  ...,    0,    0,    0],
        ...,
        [ 626, 3114, 1635,  ...,    0,    0,    0],
        [ 626, 3114, 1779,  ...,    0,    0,    0],
        [ 626, 3911, 3254,  ...,    0,    0,    0]]) tensor([[1809, 1134, 1132,  ...,    0,    0,    0],
        [1809, 4732, 1132,  ...,    0,    0,    0],
        [1809, 3844,  382,  ...,    0,    0,    0],
        ...,
        [1809, 1142, 1132,  ...,    0,    0,    0],
        [1809, 2638, 1132,  ...,    0,    0,    0],
        [1809, 2147, 1132,  ...,    0,    0,    0]])
25
tensor([[ 626, 3114, 2984,  ...,    0,    0,    0],
        [ 626, 3114, 3794,  ...,    0,    0,    0],
        [ 626, 3114, 3050,  ...,    0,    0,    0],
        ...,
        [ 626, 3911, 1939,  ...,    0,    0,    0],
        [ 626, 3114, 2677,  ...,    0,    0,    0],
        [ 626, 3911, 2520,  ...,    0,    0,    0]]) tensor([[1809, 3515,  382,  ...,    0,    0,    0],
        [1809, 4592,  382,  ...,    0,    0,    0],
        [1809, 5361, 1132,  ...,    0,    0,    0],
        ...,
        [1809, 3471,  382,  ...,    0,    0,    0],
        [1809, 1294,  382,  ...,    0,    0,    0],
        [1809,  991, 2398,  ...,    0,    0,    0]])
26
tensor([[ 626, 3911, 3392,  ...,    0,    0,    0],
        [ 626, 3114, 3824,  ...,    0,    0,    0],
        [ 626, 3114, 3050,  ...,    0,    0,    0],
        ...,
        [ 626, 3114, 2747,  ...,    0,    0,    0],
        [ 626, 3114, 2677,  ...,    0,    0,    0],
        [ 626, 3114, 1514,  ...,    0,    0,    0]]) tensor([[1809, 4755,  382,  ...,    0,    0,    0],
        [1809,  680, 1132,  ...,    0,    0,    0],
        [1809, 4208, 1132,  ...,    0,    0,    0],
        ...,
        [1809,  850,  378,  ...,    0,    0,    0],
        [1809, 4721, 1132,  ...,    0,    0,    0],
        [1809, 4078,  378,  ...,    0,    0,    0]])
27
tensor([[ 626, 3114, 3772,  ...,    0,    0,    0],
        [ 626, 3114, 2677,  ...,    0,    0,    0],
        [ 626, 3911, 1810,  ...,    0,    0,    0],
        ...,
        [ 626, 3911, 1810,  ...,    0,    0,    0],
        [ 626, 3114, 3824,  ...,    0,    0,    0],
        [ 626, 3114, 1934,  ...,    0,    0,    0]]) tensor([[1809, 4466, 1132,  ...,    0,    0,    0],
        [1809, 4078,  378,  ...,    0,    0,    0],
        [1809, 4078,  378,  ...,    0,    0,    0],
        ...,
        [1809, 4200, 1132,  ...,    0,    0,    0],
        [1809,  991, 5036,  ...,    0,    0,    0],
        [1809, 4078,  378,  ...,    0,    0,    0]])
28
tensor([[ 626, 3114, 1506,  ...,    0,    0,    0],
        [ 626, 3114, 1925,  ...,    0,    0,    0],
        [ 626, 3911, 1939,  ...,    0,    0,    0],
        ...,
        [ 626, 3114, 1966,  ...,    0,    0,    0],
        [ 626, 3911, 1939,  ...,    0,    0,    0],
        [ 626, 3911, 1903,  ...,    0,    0,    0]]) tensor([[1809, 4959, 1132,  ...,    0,    0,    0],
        [1809, 3897,  378,  ...,    0,    0,    0],
        [1809, 4078,  378,  ...,    0,    0,    0],
        ...,
        [1809, 4592,  382,  ...,    0,    0,    0],
        [1809, 2373, 1132,  ...,    0,    0,    0],
        [1809, 4003,  382,  ...,    0,    0,    0]])
29
tensor([[ 626, 3114, 2677,  ...,    0,    0,    0],
        [ 626, 3114, 1794,  ...,    0,    0,    0],
        [ 626, 3911, 1939,  ...,    0,    0,    0],
        ...,
        [ 626, 3114, 2074,  ...,    0,    0,    0],
        [ 626, 3114, 3404,  ...,    0,    0,    0],
        [ 626, 3114, 2727,  ...,    0,    0,    0]]) tensor([[1809, 1252, 1132,  ...,    0,    0,    0],
        [1809, 4078,  378,  ...,    0,    0,    0],
        [1809, 4266,  382,  ...,    0,    0,    0],
        ...,
        [1809, 4078,  378,  ...,    0,    0,    0],
        [1809, 5295,  382,  ...,    0,    0,    0],
        [1809, 5327, 1132,  ...,    0,    0,    0]])
30
tensor([[ 626, 3114, 1966,  ...,    0,    0,    0],
        [ 626, 3911, 1568,  ...,    0,    0,    0],
        [ 626, 3114, 3300,  ...,    0,    0,    0],
        ...,
        [ 626, 3911, 3392,  ...,    0,    0,    0],
        [ 626, 3114, 1635,  ...,    0,    0,    0],
        [ 626, 3114, 2104,  ...,    0,    0,    0]]) tensor([[1809, 4592,  382,  ...,    0,    0,    0],
        [1809,  991, 3844,  ...,    0,    0,    0],
        [1809, 3897,  378,  ...,    0,    0,    0],
        ...,
        [1809, 4078,  378,  ...,    0,    0,    0],
        [1809, 4538,  378,  ...,    0,    0,    0],
        [1809,  713,  382,  ...,    0,    0,    0]])
31
tensor([[ 626, 3114, 1490,  ...,    0,    0,    0],
        [ 626, 3911, 1810,  ...,    0,    0,    0],
        [ 626, 3114, 1514,  ...,    0,    0,    0],
        ...,
        [ 626, 3114, 3260,  ...,    0,    0,    0],
        [ 626, 3114, 2677,  ...,    0,    0,    0],
        [ 626, 3114, 1925,  ...,    0,    0,    0]]) tensor([[1809, 4121,  382,  ...,    0,    0,    0],
        [1809, 2477, 1132,  ...,    0,    0,    0],
        [1809, 4157, 1132,  ...,    0,    0,    0],
        ...,
        [1809, 1252, 1132,  ...,    0,    0,    0],
        [1809, 4538,  378,  ...,    0,    0,    0],
        [1809, 4592, 1132,  ...,    0,    0,    0]])
32
tensor([[ 626, 3114, 3694,  ...,    0,    0,    0],
        [ 626, 3114, 3025,  ...,    0,    0,    0],
        [ 626, 3911, 2231,  ...,    0,    0,    0],
        ...,
        [ 626, 3114, 2677,  ...,    0,    0,    0],
        [ 626, 3114, 1514,  ...,    0,    0,    0],
        [ 626, 3911, 1939,  ...,    0,    0,    0]]) tensor([[1809, 3820,  382,  ...,    0,    0,    0],
        [1809, 4078,  378,  ...,    0,    0,    0],
        [1809, 2607,  382,  ...,    0,    0,    0],
        ...,
        [1809, 3515,  382,  ...,    0,    0,    0],
        [1809, 4078,  378,  ...,    0,    0,    0],
        [1809, 2375,  382,  ...,    0,    0,    0]])
33
tensor([[ 626, 3911, 3254,  ...,    0,    0,    0],
        [ 626, 3114, 2677,  ...,    0,    0,    0],
        [ 626, 3114, 1843,  ...,    0,    0,    0],
        ...,
        [ 626, 3114, 1673,  ...,    0,    0,    0],
        [ 626, 3114, 3260,  ...,    0,    0,    0],
        [ 626, 3114, 1506,  ...,    0,    0,    0]]) tensor([[1809, 2110, 1132,  ...,    0,    0,    0],
        [1809, 2004, 1132,  ...,    0,    0,    0],
        [1809,  380, 1132,  ...,    0,    0,    0],
        ...,
        [1809, 3990,  382,  ...,    0,    0,    0],
        [1809, 4592,  382,  ...,    0,    0,    0],
        [1809, 4318, 1132,  ...,    0,    0,    0]])
34
tensor([[ 626, 3114, 3300,  ...,    0,    0,    0],
        [ 626, 3114, 2984,  ...,    0,    0,    0],
        [ 626, 3911, 2520,  ...,    0,    0,    0],
        ...,
        [ 626, 3114, 3824,  ...,    0,    0,    0],
        [ 626, 3114, 1794,  ...,    0,    0,    0],
        [ 626, 3114, 2074,  ...,    0,    0,    0]]) tensor([[1809, 1953,  382,  ...,    0,    0,    0],
        [1809, 1366, 1132,  ...,    0,    0,    0],
        [1809, 4571,  378,  ...,    0,    0,    0],
        ...,
        [1809, 1717, 1132,  ...,    0,    0,    0],
        [1809, 4945, 1132,  ...,    0,    0,    0],
        [1809, 1263, 1132,  ...,    0,    0,    0]])
35
tensor([[ 626, 3114, 3044,  ...,    0,    0,    0],
        [ 626, 3114, 2444,  ...,    0,    0,    0],
        [ 626, 3114, 1972,  ...,    0,    0,    0],
        ...,
        [ 626, 3114, 1934,  ...,    0,    0,    0],
        [ 626, 3114, 2747,  ...,    0,    0,    0],
        [ 626, 3114, 2304,  ...,    0,    0,    0]]) tensor([[1809,  991, 1716,  ...,    0,    0,    0],
        [1809, 4078,  378,  ...,    0,    0,    0],
        [1809, 1390,  382,  ...,    0,    0,    0],
        ...,
        [1809, 1905, 1132,  ...,    0,    0,    0],
        [1809,  991, 4504,  ...,    0,    0,    0],
        [1809, 2477, 1132,  ...,    0,    0,    0]])
36
tensor([[ 626, 3911, 1939,  ...,    0,    0,    0],
        [ 626, 3911, 2231,  ...,    0,    0,    0],
        [ 626, 3114, 1635,  ...,    0,    0,    0],
        ...,
        [ 626, 3114, 3025,  ...,    0,    0,    0],
        [ 626, 3114, 1635,  ...,    0,    0,    0],
        [ 626, 3114, 2760,  ...,    0,    0,    0]]) tensor([[1809, 2373, 1132,  ...,    0,    0,    0],
        [1809, 4231, 1132,  ...,    0,    0,    0],
        [1809, 1307, 1132,  ...,    0,    0,    0],
        ...,
        [1809, 1524, 1132,  ...,    0,    0,    0],
        [1809, 4078,  378,  ...,    0,    0,    0],
        [1809, 2637, 1132,  ...,    0,    0,    0]])
37
tensor([[ 626, 3114, 1514,  ...,    0,    0,    0],
        [ 626, 3911, 2231,  ...,    0,    0,    0],
        [ 626, 3911, 2231,  ...,    0,    0,    0],
        ...,
        [ 626, 3114, 2104,  ...,    0,    0,    0],
        [ 626, 3114, 2074,  ...,    0,    0,    0],
        [ 626, 3114, 3073,  ...,    0,    0,    0]]) tensor([[1809, 5093, 1132,  ...,    0,    0,    0],
        [1809, 4230, 1132,  ...,    0,    0,    0],
        [1809, 4147,  382,  ...,    0,    0,    0],
        ...,
        [1809, 4116, 1132,  ...,    0,    0,    0],
        [1809, 3797, 1132,  ...,    0,    0,    0],
        [1809, 5361, 1132,  ...,    0,    0,    0]])
38
tensor([[ 626, 3114, 2104,  ...,    0,    0,    0],
        [ 626, 3114, 1850,  ...,    0,    0,    0],
        [ 626, 3114, 3824,  ...,    0,    0,    0],
        ...,
        [ 626, 3114, 1559,  ...,    0,    0,    0],
        [ 626, 3114, 3814,  ...,    0,    0,    0],
        [ 626, 3114, 1966,  ...,    0,    0,    0]]) tensor([[1809, 3897,  378,  ...,    0,    0,    0],
        [1809, 5082, 1132,  ...,    0,    0,    0],
        [1809, 4078,  378,  ...,    0,    0,    0],
        ...,
        [1809, 4538,  378,  ...,    0,    0,    0],
        [1809, 4592,  382,  ...,    0,    0,    0],
        [1809, 4592, 1132,  ...,    0,    0,    0]])
39
tensor([[ 626, 3911, 1972,  ...,    0,    0,    0],
        [ 626, 3911, 1903,  ...,    0,    0,    0],
        [ 626, 3911, 3319,  ...,    0,    0,    0],
        ...,
        [ 626, 3911, 1939,  ...,    0,    0,    0],
        [ 626, 3114, 3501,  ...,    0,    0,    0],
        [ 626, 3114, 2582,  ...,    0,    0,    0]]) tensor([[1809, 4078,  378,  ...,    0,    0,    0],
        [1809, 4761, 1132,  ...,    0,    0,    0],
        [1809, 4945, 1132,  ...,    0,    0,    0],
        ...,
        [1809, 3045,  382,  ...,    0,    0,    0],
        [1809, 3014,  382,  ...,    0,    0,    0],
        [1809,  680, 1132,  ...,    0,    0,    0]])
40
tensor([[ 626, 3114, 3065,  ...,    0,    0,    0],
        [ 626, 3114, 3073,  ...,    0,    0,    0],
        [ 626, 3114, 3814,  ...,    0,    0,    0],
        ...,
        [ 626, 3114, 1506,  ...,    0,    0,    0],
        [ 626, 3114, 2074,  ...,    0,    0,    0],
        [ 626, 3114, 3824,  ...,    0,    0,    0]]) tensor([[1809,  896, 1132,  ...,    0,    0,    0],
        [1809, 4059, 1132,  ...,    0,    0,    0],
        [1809, 2477,  382,  ...,    0,    0,    0],
        ...,
        [1809, 4078,  378,  ...,    0,    0,    0],
        [1809,  991, 3785,  ...,    0,    0,    0],
        [1809,  991, 2047,  ...,    0,    0,    0]])
41
tensor([[ 626, 3114, 3455,  ...,    0,    0,    0],
        [ 626, 3114, 3895,  ...,    0,    0,    0],
        [ 626, 3911, 3030,  ...,    0,    0,    0],
        ...,
        [ 626, 3911, 3319,  ...,    0,    0,    0],
        [ 626, 3114, 1966,  ...,    0,    0,    0],
        [ 626, 3114, 3050,  ...,    0,    0,    0]]) tensor([[1809,  991,  840,  ...,    0,    0,    0],
        [1809, 4982,  378,  ...,    0,    0,    0],
        [1809, 1977,  382,  ...,    0,    0,    0],
        ...,
        [1809, 3897,  378,  ...,    0,    0,    0],
        [1809, 4592,  382,  ...,    0,    0,    0],
        [1809, 4801, 1132,  ...,    0,    0,    0]])
42
tensor([[ 626, 3114, 1490,  ...,    0,    0,    0],
        [ 626, 3114, 2070,  ...,    0,    0,    0],
        [ 626, 3114, 3824,  ...,    0,    0,    0],
        ...,
        [ 626, 3114, 3895,  ...,    0,    0,    0],
        [ 626, 3114, 3044,  ...,    0,    0,    0],
        [ 626, 3114, 1490,  ...,    0,    0,    0]]) tensor([[1809,  991, 3985,  ...,    0,    0,    0],
        [1809, 1069,  382,  ...,    0,    0,    0],
        [1809,  991, 3367,  ...,    0,    0,    0],
        ...,
        [1809, 4982,  378,  ...,    0,    0,    0],
        [1809, 1524, 1132,  ...,    0,    0,    0],
        [1809, 4127,  382,  ...,    0,    0,    0]])
43
tensor([[ 626, 3114, 1925,  ...,    0,    0,    0],
        [ 626, 3114, 1925,  ...,    0,    0,    0],
        [ 626, 3114, 2677,  ...,    0,    0,    0],
        ...,
        [ 626, 3114, 2291,  ...,    0,    0,    0],
        [ 626, 3114, 3073,  ...,    0,    0,    0],
        [ 626, 3114, 1850,  ...,    0,    0,    0]]) tensor([[1809, 3897,  378,  ...,    0,    0,    0],
        [1809,  991, 2404,  ...,    0,    0,    0],
        [1809, 1524, 1132,  ...,    0,    0,    0],
        ...,
        [1809, 1621,  382,  ...,    0,    0,    0],
        [1809, 4710, 1132,  ...,    0,    0,    0],
        [1809, 3653, 1132,  ...,    0,    0,    0]])
44
tensor([[ 626, 3911, 3587,  ...,    0,    0,    0],
        [ 626, 3114, 1843,  ...,    0,    0,    0],
        [ 626, 3114, 2582,  ...,    0,    0,    0],
        ...,
        [ 626, 3114, 1843,  ...,    0,    0,    0],
        [ 626, 3114, 2677,  ...,    0,    0,    0],
        [ 626, 3114, 1559,  ...,    0,    0,    0]]) tensor([[1809, 5415,  382,  ...,    0,    0,    0],
        [1809,  380, 1132,  ...,    0,    0,    0],
        [1809,  991, 1265,  ...,    0,    0,    0],
        ...,
        [1809, 4733, 1132,  ...,    0,    0,    0],
        [1809, 2796, 1132,  ...,    0,    0,    0],
        [1809,  991, 2045,  ...,    0,    0,    0]])
45
tensor([[ 626, 3114, 2444,  ...,    0,    0,    0],
        [ 626, 3114, 1997,  ...,    0,    0,    0],
        [ 626, 3911, 2814,  ...,    0,    0,    0],
        ...,
        [ 626, 3911, 3392,  ...,    0,    0,    0],
        [ 626, 3114, 2760,  ...,    0,    0,    0],
        [ 626, 3114, 1635,  ...,    0,    0,    0]]) tensor([[1809, 4592,  382,  ...,    0,    0,    0],
        [1809, 2504, 1132,  ...,    0,    0,    0],
        [1809, 4467, 1132,  ...,    0,    0,    0],
        ...,
        [1809, 4753, 1132,  ...,    0,    0,    0],
        [1809, 4078,  378,  ...,    0,    0,    0],
        [1809, 4592, 1132,  ...,    0,    0,    0]])
46
tensor([[ 626, 3114, 3073,  ...,    0,    0,    0],
        [ 626, 3911, 1514,  ...,    0,    0,    0],
        [ 626, 3114, 3824,  ...,    0,    0,    0],
        ...,
        [ 626, 3114, 2677,  ...,    0,    0,    0],
        [ 626, 3114, 1514,  ...,    0,    0,    0],
        [ 626, 3114, 2304,  ...,    0,    0,    0]]) tensor([[1809, 3919,  382,  ...,    0,    0,    0],
        [1809, 4318,  382,  ...,    0,    0,    0],
        [1809, 4360, 1132,  ...,    0,    0,    0],
        ...,
        [1809, 3970, 1132,  ...,    0,    0,    0],
        [1809, 2597,  382,  ...,    0,    0,    0],
        [1809, 4592, 1132,  ...,    0,    0,    0]])
47
tensor([[ 626, 3114, 3369,  ...,    0,    0,    0],
        [ 626, 3114, 3300,  ...,    0,    0,    0],
        [ 626, 3114, 1514,  ...,    0,    0,    0],
        ...,
        [ 626, 3911, 2814,  ...,    0,    0,    0],
        [ 626, 3911, 1972,  ...,    0,    0,    0],
        [ 626, 3114, 2408,  ...,    0,    0,    0]]) tensor([[1809, 4658,  382,  ...,    0,    0,    0],
        [1809, 2779,  382,  ...,    0,    0,    0],
        [1809, 4766, 1132,  ...,    0,    0,    0],
        ...,
        [1809,  991, 3113,  ...,    0,    0,    0],
        [1809, 4982,  378,  ...,    0,    0,    0],
        [1809, 1151, 1132,  ...,    0,    0,    0]])
48
tensor([[ 626, 3114, 2070,  ...,    0,    0,    0],
        [ 626, 3911, 3254,  ...,    0,    0,    0],
        [ 626, 3911, 2231,  ...,    0,    0,    0],
        ...,
        [ 626, 3911, 3073,  ...,    0,    0,    0],
        [ 626, 3911, 2231,  ...,    0,    0,    0],
        [ 626, 3114, 1781,  ...,    0,    0,    0]]) tensor([[1809, 4078,  378,  ...,    0,    0,    0],
        [1809, 2164,  382,  ...,    0,    0,    0],
        [1809, 3967,  382,  ...,    0,    0,    0],
        ...,
        [1809, 4592, 1132,  ...,    0,    0,    0],
        [1809, 4230, 1132,  ...,    0,    0,    0],
        [1809, 3897,  378,  ...,    0,    0,    0]])
49
tensor([[ 626, 3114, 2074,  ...,    0,    0,    0],
        [ 626, 3114, 1559,  ...,    0,    0,    0],
        [ 626, 3114, 2760,  ...,    0,    0,    0],
        ...,
        [ 626, 3114, 2444,  ...,    0,    0,    0],
        [ 626, 3114, 1514,  ...,    0,    0,    0],
        [ 626, 3114, 1810,  ...,    0,    0,    0]]) tensor([[1809,  991, 3785,  ...,    0,    0,    0],
        [1809, 4078,  378,  ...,    0,    0,    0],
        [1809, 2637, 1132,  ...,    0,    0,    0],
        ...,
        [1809, 4592, 1132,  ...,    0,    0,    0],
        [1809, 4262,  382,  ...,    0,    0,    0],
        [1809,  991, 3955,  ...,    0,    0,    0]])
50
tensor([[ 626, 3114, 2104,  ...,    0,    0,    0],
        [ 626, 3114, 3824,  ...,    0,    0,    0],
        [ 626, 3114, 2291,  ...,    0,    0,    0],
        ...,
        [ 626, 3114, 1506,  ...,    0,    0,    0],
        [ 626, 3114, 3501,  ...,    0,    0,    0],
        [ 626, 3114, 3415,  ...,    0,    0,    0]]) tensor([[1809, 4127, 1132,  ...,    0,    0,    0],
        [1809,  845, 1132,  ...,    0,    0,    0],
        [1809, 4078,  378,  ...,    0,    0,    0],
        ...,
        [1809, 3148,  382,  ...,    0,    0,    0],
        [1809, 4450, 1132,  ...,    0,    0,    0],
        [1809, 5095, 1132,  ...,    0,    0,    0]])
51
tensor([[ 626, 3114, 3073,  ...,    0,    0,    0],
        [ 626, 3911, 1972,  ...,    0,    0,    0],
        [ 626, 3114, 1514,  ...,    0,    0,    0],
        ...,
        [ 626, 3911, 2231,  ...,    0,    0,    0],
        [ 626, 3911, 1568,  ...,    0,    0,    0],
        [ 626, 3114, 2677,  ...,    0,    0,    0]]) tensor([[1809, 5361, 1132,  ...,    0,    0,    0],
        [1809, 2497, 1132,  ...,    0,    0,    0],
        [1809, 5045, 1132,  ...,    0,    0,    0],
        ...,
        [1809, 3951, 1132,  ...,    0,    0,    0],
        [1809, 4078,  378,  ...,    0,    0,    0],
        [1809, 4592, 1132,  ...,    0,    0,    0]])
52
tensor([[ 626, 3114, 2104,  ...,    0,    0,    0],
        [ 626, 3114, 3769,  ...,    0,    0,    0],
        [ 626, 3114, 2420,  ...,    0,    0,    0],
        ...,
        [ 626, 3114, 3824,  ...,    0,    0,    0],
        [ 626, 3114, 1925,  ...,    0,    0,    0],
        [ 626, 3114, 2677,  ...,    0,    0,    0]]) tensor([[1809, 4023, 1132,  ...,    0,    0,    0],
        [1809, 4078,  378,  ...,    0,    0,    0],
        [1809, 5361,  382,  ...,    0,    0,    0],
        ...,
        [1809, 3427, 1132,  ...,    0,    0,    0],
        [1809, 2404,  382,  ...,    0,    0,    0],
        [1809, 4410,  382,  ...,    0,    0,    0]])
53
tensor([[ 626, 3114, 3526,  ...,    0,    0,    0],
        [ 626, 3114, 1514,  ...,    0,    0,    0],
        [ 626, 3114, 1506,  ...,    0,    0,    0],
        ...,
        [ 626, 3114, 2261,  ...,    0,    0,    0],
        [ 626, 3114, 2677,  ...,    0,    0,    0],
        [ 626, 3114, 1635,  ...,    0,    0,    0]]) tensor([[1809, 2796,  382,  ...,    0,    0,    0],
        [1809, 4417,  382,  ...,    0,    0,    0],
        [1809, 4691, 1132,  ...,    0,    0,    0],
        ...,
        [1809, 3243,  382,  ...,    0,    0,    0],
        [1809, 4592,  382,  ...,    0,    0,    0],
        [1809, 1142, 1132,  ...,    0,    0,    0]])
54
tensor([[ 626, 3114, 3501,  ...,    0,    0,    0],
        [ 626, 3114, 1966,  ...,    0,    0,    0],
        [ 626, 3114, 1794,  ...,    0,    0,    0],
        ...,
        [ 626, 3114, 2304,  ...,    0,    0,    0],
        [ 626, 3911, 3591,  ...,    0,    0,    0],
        [ 626, 3911, 2520,  ...,    0,    0,    0]]) tensor([[1809, 2400,  382,  ...,    0,    0,    0],
        [1809, 4592,  382,  ...,    0,    0,    0],
        [1809,  991, 2311,  ...,    0,    0,    0],
        ...,
        [1809, 4592, 1132,  ...,    0,    0,    0],
        [1809, 3238, 1132,  ...,    0,    0,    0],
        [1809, 2220,  382,  ...,    0,    0,    0]])
55
tensor([[ 626, 3114, 1958,  ...,    0,    0,    0],
        [ 626, 3114, 1490,  ...,    0,    0,    0],
        [ 626, 3114, 1514,  ...,    0,    0,    0],
        ...,
        [ 626, 3114, 1635,  ...,    0,    0,    0],
        [ 626, 3114, 1490,  ...,    0,    0,    0],
        [ 626, 3114, 3278,  ...,    0,    0,    0]]) tensor([[1809, 4982,  378,  ...,    0,    0,    0],
        [1809, 3985, 1132,  ...,    0,    0,    0],
        [1809, 3897,  378,  ...,    0,    0,    0],
        ...,
        [1809, 1005,  382,  ...,    0,    0,    0],
        [1809, 4078,  378,  ...,    0,    0,    0],
        [1809, 2101, 1132,  ...,    0,    0,    0]])
56
tensor([[ 626, 3114, 2747,  ...,    0,    0,    0],
        [ 626, 3114, 2444,  ...,    0,    0,    0],
        [ 626, 3911, 1939,  ...,    0,    0,    0],
        ...,
        [ 626, 3114, 1514,  ...,    0,    0,    0],
        [ 626, 3114, 1635,  ...,    0,    0,    0],
        [ 626, 3114, 1514,  ...,    0,    0,    0]]) tensor([[1809, 2460, 1132,  ...,    0,    0,    0],
        [1809, 2477, 1132,  ...,    0,    0,    0],
        [1809, 4078,  378,  ...,    0,    0,    0],
        ...,
        [1809, 4977, 1132,  ...,    0,    0,    0],
        [1809, 3897,  378,  ...,    0,    0,    0],
        [1809, 4765, 1132,  ...,    0,    0,    0]])
57
tensor([[ 626, 3114, 3457,  ...,    0,    0,    0],
        [ 626, 3114, 1506,  ...,    0,    0,    0],
        [ 626, 3114, 1925,  ...,    0,    0,    0],
        ...,
        [ 626, 3911, 2520,  ...,    0,    0,    0],
        [ 626, 3911, 1810,  ...,    0,    0,    0],
        [ 626, 3114, 3501,  ...,    0,    0,    0]]) tensor([[1809,  991,  955,  ...,    0,    0,    0],
        [1809, 4078,  378,  ...,    0,    0,    0],
        [1809, 4592, 1132,  ...,    0,    0,    0],
        ...,
        [1809, 4464, 1132,  ...,    0,    0,    0],
        [1809, 4982,  378,  ...,    0,    0,    0],
        [1809, 4261, 1132,  ...,    0,    0,    0]])
58
tensor([[ 626, 3114, 1781,  ...,    0,    0,    0],
        [ 626, 3114, 4039,  ...,    0,    0,    0],
        [ 626, 3114, 1559,  ...,    0,    0,    0],
        ...,
        [ 626, 3114, 3738,  ...,    0,    0,    0],
        [ 626, 3114, 2261,  ...,    0,    0,    0],
        [ 626, 3114, 1794,  ...,    0,    0,    0]]) tensor([[1809, 3995, 1132,  ...,    0,    0,    0],
        [1809, 2477,  382,  ...,    0,    0,    0],
        [1809,  803, 1132,  ...,    0,    0,    0],
        ...,
        [1809, 4429, 1132,  ...,    0,    0,    0],
        [1809,  991, 4394,  ...,    0,    0,    0],
        [1809, 2311, 1132,  ...,    0,    0,    0]])
59
tensor([[ 626, 3114, 3501,  ...,    0,    0,    0],
        [ 626, 3114, 3501,  ...,    0,    0,    0],
        [ 626, 3114, 3824,  ...,    0,    0,    0],
        ...,
        [ 626, 3911, 1939,  ...,    0,    0,    0],
        [ 626, 3114, 3824,  ...,    0,    0,    0],
        [ 626, 3114, 3415,  ...,    0,    0,    0]]) tensor([[1809, 4392, 1132,  ...,    0,    0,    0],
        [1809, 3177,  382,  ...,    0,    0,    0],
        [1809, 4326,  382,  ...,    0,    0,    0],
        ...,
        [1809, 4078,  378,  ...,    0,    0,    0],
        [1809,  991, 5036,  ...,    0,    0,    0],
        [1809, 4078,  378,  ...,    0,    0,    0]])
60
tensor([[ 626, 3114, 3050,  ...,    0,    0,    0],
        [ 626, 3114, 1506,  ...,    0,    0,    0],
        [ 626, 3114, 3065,  ...,    0,    0,    0],
        ...,
        [ 626, 3114, 1514,  ...,    0,    0,    0],
        [ 626, 3911, 3319,  ...,    0,    0,    0],
        [ 626, 3114, 4157,  ...,    0,    0,    0]]) tensor([[1809, 5361, 1132,  ...,    0,    0,    0],
        [1809, 4214, 1132,  ...,    0,    0,    0],
        [1809, 1538, 1132,  ...,    0,    0,    0],
        ...,
        [1809, 4773,  382,  ...,    0,    0,    0],
        [1809, 3149,  382,  ...,    0,    0,    0],
        [1809, 1100, 1132,  ...,    0,    0,    0]])
61
tensor([[ 626, 3114, 3239,  ...,    0,    0,    0],
        [ 626, 3114, 2677,  ...,    0,    0,    0],
        [ 626, 3114, 3824,  ...,    0,    0,    0],
        ...,
        [ 626, 3911, 3781,  ...,    0,    0,    0],
        [ 626, 3114, 3824,  ...,    0,    0,    0],
        [ 626, 3114, 2677,  ...,    0,    0,    0]]) tensor([[1809, 3386,  382,  ...,    0,    0,    0],
        [1809, 3916, 1132,  ...,    0,    0,    0],
        [1809, 4326,  382,  ...,    0,    0,    0],
        ...,
        [1809, 2796, 1132,  ...,    0,    0,    0],
        [1809, 1717, 1132,  ...,    0,    0,    0],
        [1809, 5470,  382,  ...,    0,    0,    0]])
62
tensor([[ 626, 3114, 3772,  ...,    0,    0,    0],
        [ 626, 3114, 2104,  ...,    0,    0,    0],
        [ 626, 3114, 2420,  ...,    0,    0,    0],
        ...,
        [ 626, 3114, 3278,  ...,    0,    0,    0],
        [ 626, 3911, 3073,  ...,    0,    0,    0],
        [ 626, 3114, 2070,  ...,    0,    0,    0]]) tensor([[1809, 3897,  378,  ...,    0,    0,    0],
        [1809, 1658, 1132,  ...,    0,    0,    0],
        [1809, 1929, 1132,  ...,    0,    0,    0],
        ...,
        [1809, 1296, 1132,  ...,    0,    0,    0],
        [1809, 4571,  378,  ...,    0,    0,    0],
        [1809, 2144,  382,  ...,    0,    0,    0]])
63
tensor([[ 626, 3114, 2677,  ...,    0,    0,    0],
        [ 626, 3114, 3596,  ...,    0,    0,    0],
        [ 626, 3114, 2070,  ...,    0,    0,    0],
        ...,
        [ 626, 3114, 2444,  ...,    0,    0,    0],
        [ 626, 3114, 1781,  ...,    0,    0,    0],
        [ 626, 3114, 3073,  ...,    0,    0,    0]]) tensor([[1809, 4943,  382,  ...,    0,    0,    0],
        [1809, 2477, 1132,  ...,    0,    0,    0],
        [1809, 4078,  378,  ...,    0,    0,    0],
        ...,
        [1809, 4651,  382,  ...,    0,    0,    0],
        [1809, 4078,  378,  ...,    0,    0,    0],
        [1809, 3920,  382,  ...,    0,    0,    0]])
64
tensor([[ 626, 3114, 3664,  ...,    0,    0,    0],
        [ 626, 3114, 2677,  ...,    0,    0,    0],
        [ 626, 3114, 2104,  ...,    0,    0,    0],
        ...,
        [ 626, 3114, 1549,  ...,    0,    0,    0],
        [ 626, 3114, 3596,  ...,    0,    0,    0],
        [ 626, 3114, 1514,  ...,    0,    0,    0]]) tensor([[1809, 4896, 1132,  ...,    0,    0,    0],
        [1809, 2255, 1132,  ...,    0,    0,    0],
        [1809, 4982,  378,  ...,    0,    0,    0],
        ...,
        [1809, 1595, 1132,  ...,    0,    0,    0],
        [1809, 4538,  378,  ...,    0,    0,    0],
        [1809, 3340, 1132,  ...,    0,    0,    0]])
65
tensor([[ 626, 3114, 3455,  ...,    0,    0,    0],
        [ 626, 3114, 3526,  ...,    0,    0,    0],
        [ 626, 3911, 2231,  ...,    0,    0,    0],
        ...,
        [ 626, 3114, 2162,  ...,    0,    0,    0],
        [ 626, 3114, 1997,  ...,    0,    0,    0],
        [ 626, 3911, 2231,  ...,    0,    0,    0]]) tensor([[1809, 3148,  382,  ...,    0,    0,    0],
        [1809, 1900, 1132,  ...,    0,    0,    0],
        [1809, 4222, 1132,  ...,    0,    0,    0],
        ...,
        [1809, 2477,  382,  ...,    0,    0,    0],
        [1809, 2589,  382,  ...,    0,    0,    0],
        [1809, 4492,  382,  ...,    0,    0,    0]])
66
tensor([[ 626, 3114, 2677,  ...,    0,    0,    0],
        [ 626, 3114, 3300,  ...,    0,    0,    0],
        [ 626, 3911, 1568,  ...,    0,    0,    0],
        ...,
        [ 626, 3114, 2190,  ...,    0,    0,    0],
        [ 626, 3114, 2984,  ...,    0,    0,    0],
        [ 626, 3114, 2677,  ...,    0,    0,    0]]) tensor([[1809, 4078,  378,  ...,    0,    0,    0],
        [1809, 1029, 1132,  ...,    0,    0,    0],
        [1809, 4078,  378,  ...,    0,    0,    0],
        ...,
        [1809,  873, 1132,  ...,    0,    0,    0],
        [1809, 1366, 1132,  ...,    0,    0,    0],
        [1809, 4592, 1132,  ...,    0,    0,    0]])
67
tensor([[ 626, 3114, 2104,  ...,    0,    0,    0],
        [ 626, 3911, 2231,  ...,    0,    0,    0],
        [ 626, 3114, 2104,  ...,    0,    0,    0],
        ...,
        [ 626, 3114, 1810,  ...,    0,    0,    0],
        [ 626, 3114, 1514,  ...,    0,    0,    0],
        [ 626, 3114, 3814,  ...,    0,    0,    0]]) tensor([[1809, 5287, 1132,  ...,    0,    0,    0],
        [1809, 4147,  382,  ...,    0,    0,    0],
        [1809, 2195,  382,  ...,    0,    0,    0],
        ...,
        [1809, 4157, 1132,  ...,    0,    0,    0],
        [1809, 3442, 1132,  ...,    0,    0,    0],
        [1809, 4078,  378,  ...,    0,    0,    0]])
68
tensor([[ 626, 3114, 2304,  ...,    0,    0,    0],
        [ 626, 3114, 3501,  ...,    0,    0,    0],
        [ 626, 3114, 3824,  ...,    0,    0,    0],
        ...,
        [ 626, 3911, 2231,  ...,    0,    0,    0],
        [ 626, 3114, 3794,  ...,    0,    0,    0],
        [ 626, 3114, 2677,  ...,    0,    0,    0]]) tensor([[1809, 2477, 1132,  ...,    0,    0,    0],
        [1809, 4712, 1132,  ...,    0,    0,    0],
        [1809,  991, 2047,  ...,    0,    0,    0],
        ...,
        [1809, 4787,  382,  ...,    0,    0,    0],
        [1809, 1372, 1132,  ...,    0,    0,    0],
        [1809, 4720,  382,  ...,    0,    0,    0]])
69
tensor([[ 626, 3114, 1635,  ...,    0,    0,    0],
        [ 626, 3114, 1559,  ...,    0,    0,    0],
        [ 626, 3114, 1514,  ...,    0,    0,    0],
        ...,
        [ 626, 3114, 1635,  ...,    0,    0,    0],
        [ 626, 3114, 2104,  ...,    0,    0,    0],
        [ 626, 3114, 1925,  ...,    0,    0,    0]]) tensor([[1809, 1874, 1132,  ...,    0,    0,    0],
        [1809, 2745,  382,  ...,    0,    0,    0],
        [1809, 5045,  382,  ...,    0,    0,    0],
        ...,
        [1809, 4078,  378,  ...,    0,    0,    0],
        [1809, 2321, 1132,  ...,    0,    0,    0],
        [1809, 2477, 1132,  ...,    0,    0,    0]])
70
tensor([[ 626, 3114, 3239,  ...,    0,    0,    0],
        [ 626, 3114, 1505,  ...,    0,    0,    0],
        [ 626, 3114, 3814,  ...,    0,    0,    0],
        ...,
        [ 626, 3114, 1679,  ...,    0,    0,    0],
        [ 626, 3114, 2304,  ...,    0,    0,    0],
        [ 626, 3911, 1972,  ...,    0,    0,    0]]) tensor([[1809, 2796, 1132,  ...,    0,    0,    0],
        [1809, 2403,  382,  ...,    0,    0,    0],
        [1809, 4823,  382,  ...,    0,    0,    0],
        ...,
        [1809, 2616,  382,  ...,    0,    0,    0],
        [1809, 2477, 1132,  ...,    0,    0,    0],
        [1809, 3966, 1132,  ...,    0,    0,    0]])
71
tensor([[ 626, 3911, 2231,  ...,    0,    0,    0],
        [ 626, 3114, 2677,  ...,    0,    0,    0],
        [ 626, 3114, 2104,  ...,    0,    0,    0],
        ...,
        [ 626, 3114, 3300,  ...,    0,    0,    0],
        [ 626, 3114, 2261,  ...,    0,    0,    0],
        [ 626, 3911, 2231,  ...,    0,    0,    0]]) tensor([[1809, 3950, 1132,  ...,    0,    0,    0],
        [1809, 1223,  382,  ...,    0,    0,    0],
        [1809, 4116, 1132,  ...,    0,    0,    0],
        ...,
        [1809,  684, 1132,  ...,    0,    0,    0],
        [1809, 3326,  382,  ...,    0,    0,    0],
        [1809, 3508, 1132,  ...,    0,    0,    0]])
72
tensor([[ 626, 3911, 3587,  ...,    0,    0,    0],
        [ 626, 3114, 1925,  ...,    0,    0,    0],
        [ 626, 3114, 3824,  ...,    0,    0,    0],
        ...,
        [ 626, 3114, 3501,  ...,    0,    0,    0],
        [ 626, 3114, 1514,  ...,    0,    0,    0],
        [ 626, 3911, 2231,  ...,    0,    0,    0]]) tensor([[1809, 4411,  382,  ...,    0,    0,    0],
        [1809, 4014,  382,  ...,    0,    0,    0],
        [1809, 4078,  378,  ...,    0,    0,    0],
        ...,
        [1809, 2472, 1132,  ...,    0,    0,    0],
        [1809, 4692, 1132,  ...,    0,    0,    0],
        [1809,  991, 1034,  ...,    0,    0,    0]])
73
tensor([[ 626, 3114, 3073,  ...,    0,    0,    0],
        [ 626, 3114, 2677,  ...,    0,    0,    0],
        [ 626, 3114, 1549,  ...,    0,    0,    0],
        ...,
        [ 626, 3911, 2231,  ...,    0,    0,    0],
        [ 626, 3911, 1568,  ...,    0,    0,    0],
        [ 626, 3911, 3618,  ...,    0,    0,    0]]) tensor([[1809, 3148, 1132,  ...,    0,    0,    0],
        [1809, 4078,  378,  ...,    0,    0,    0],
        [1809, 1529, 1132,  ...,    0,    0,    0],
        ...,
        [1809, 2416, 1132,  ...,    0,    0,    0],
        [1809, 1917, 1132,  ...,    0,    0,    0],
        [1809, 4078,  378,  ...,    0,    0,    0]])
74
tensor([[ 626, 3114, 3824,  ...,    0,    0,    0],
        [ 626, 3114, 3455,  ...,    0,    0,    0],
        [ 626, 3114, 1559,  ...,    0,    0,    0],
        ...,
        [ 626, 3114, 2677,  ...,    0,    0,    0],
        [ 626, 3911, 1810,  ...,    0,    0,    0],
        [ 626, 3114, 3824,  ...,    0,    0,    0]]) tensor([[1809, 1760, 1132,  ...,    0,    0,    0],
        [1809, 4592,  382,  ...,    0,    0,    0],
        [1809, 2073, 1132,  ...,    0,    0,    0],
        ...,
        [1809, 4078,  378,  ...,    0,    0,    0],
        [1809, 4078,  378,  ...,    0,    0,    0],
        [1809, 3897,  378,  ...,    0,    0,    0]])
75
tensor([[ 626, 3114, 2444,  ...,    0,    0,    0],
        [ 626, 3114, 1794,  ...,    0,    0,    0],
        [ 626, 3911, 1810,  ...,    0,    0,    0],
        ...,
        [ 626, 3114, 4157,  ...,    0,    0,    0],
        [ 626, 3911, 3392,  ...,    0,    0,    0],
        [ 626, 3911, 2231,  ...,    0,    0,    0]]) tensor([[1809, 4592, 1132,  ...,    0,    0,    0],
        [1809, 2311, 1132,  ...,    0,    0,    0],
        [1809,  991, 4866,  ...,    0,    0,    0],
        ...,
        [1809, 2172, 1132,  ...,    0,    0,    0],
        [1809, 2529, 1132,  ...,    0,    0,    0],
        [1809, 3950, 1132,  ...,    0,    0,    0]])
76
tensor([[ 626, 3911, 2231,  ...,    0,    0,    0],
        [ 626, 3911, 1810,  ...,    0,    0,    0],
        [ 626, 3911, 1939,  ...,    0,    0,    0],
        ...,
        [ 626, 3114, 1794,  ...,    0,    0,    0],
        [ 626, 3114, 1514,  ...,    0,    0,    0],
        [ 626, 3114, 1794,  ...,    0,    0,    0]]) tensor([[1809, 3007,  382,  ...,    0,    0,    0],
        [1809,  991, 3953,  ...,    0,    0,    0],
        [1809, 3562, 1132,  ...,    0,    0,    0],
        ...,
        [1809, 2929, 1132,  ...,    0,    0,    0],
        [1809, 4598, 1132,  ...,    0,    0,    0],
        [1809, 4982,  378,  ...,    0,    0,    0]])
77
tensor([[ 626, 3911, 2814,  ...,    0,    0,    0],
        [ 626, 3114, 2304,  ...,    0,    0,    0],
        [ 626, 3114, 2074,  ...,    0,    0,    0],
        ...,
        [ 626, 3114, 1794,  ...,    0,    0,    0],
        [ 626, 3114, 2984,  ...,    0,    0,    0],
        [ 626, 3114, 4157,  ...,    0,    0,    0]]) tensor([[1809,  991, 4363,  ...,    0,    0,    0],
        [1809, 4614, 1132,  ...,    0,    0,    0],
        [1809, 2101,  382,  ...,    0,    0,    0],
        ...,
        [1809, 2929, 1132,  ...,    0,    0,    0],
        [1809, 4592,  382,  ...,    0,    0,    0],
        [1809, 1524, 1132,  ...,    0,    0,    0]])
78
tensor([[ 626, 3114, 3824,  ...,    0,    0,    0],
        [ 626, 3114, 1794,  ...,    0,    0,    0],
        [ 626, 3114, 2677,  ...,    0,    0,    0],
        ...,
        [ 626, 3114, 2104,  ...,    0,    0,    0],
        [ 626, 3911, 1972,  ...,    0,    0,    0],
        [ 626, 3114, 1925,  ...,    0,    0,    0]]) tensor([[1809, 1917, 1132,  ...,    0,    0,    0],
        [1809, 2311, 1132,  ...,    0,    0,    0],
        [1809, 2427,  382,  ...,    0,    0,    0],
        ...,
        [1809, 4635,  382,  ...,    0,    0,    0],
        [1809, 4078,  378,  ...,    0,    0,    0],
        [1809, 4331,  382,  ...,    0,    0,    0]])
79
tensor([[ 626, 3114, 2304,  ...,    0,    0,    0],
        [ 626, 3114, 3794,  ...,    0,    0,    0],
        [ 626, 3114, 1925,  ...,    0,    0,    0],
        ...,
        [ 626, 3114, 1514,  ...,    0,    0,    0],
        [ 626, 3911, 3073,  ...,    0,    0,    0],
        [ 626, 3114, 2677,  ...,    0,    0,    0]]) tensor([[1809, 3897,  378,  ...,    0,    0,    0],
        [1809, 4592,  382,  ...,    0,    0,    0],
        [1809, 3148,  382,  ...,    0,    0,    0],
        ...,
        [1809, 4091, 1132,  ...,    0,    0,    0],
        [1809, 3148, 1132,  ...,    0,    0,    0],
        [1809, 2427,  382,  ...,    0,    0,    0]])
80
tensor([[ 626, 3114, 1514,  ...,    0,    0,    0],
        [ 626, 3114, 2677,  ...,    0,    0,    0],
        [ 626, 3114, 2677,  ...,    0,    0,    0],
        ...,
        [ 626, 3114, 2444,  ...,    0,    0,    0],
        [ 626, 3911, 3392,  ...,    0,    0,    0],
        [ 626, 3114, 2074,  ...,    0,    0,    0]]) tensor([[1809, 4157, 1132,  ...,    0,    0,    0],
        [1809, 2427,  382,  ...,    0,    0,    0],
        [1809, 4080,  382,  ...,    0,    0,    0],
        ...,
        [1809, 3148,  382,  ...,    0,    0,    0],
        [1809, 4078,  378,  ...,    0,    0,    0],
        [1809,  380, 1132,  ...,    0,    0,    0]])
81
tensor([[ 626, 3911, 1939,  ...,    0,    0,    0],
        [ 626, 3114, 1673,  ...,    0,    0,    0],
        [ 626, 3114, 3824,  ...,    0,    0,    0],
        ...,
        [ 626, 3114, 1514,  ...,    0,    0,    0],
        [ 626, 3114, 2304,  ...,    0,    0,    0],
        [ 626, 3114, 1850,  ...,    0,    0,    0]]) tensor([[1809, 2610, 1132,  ...,    0,    0,    0],
        [1809, 3989,  382,  ...,    0,    0,    0],
        [1809, 5036, 1132,  ...,    0,    0,    0],
        ...,
        [1809, 4538,  378,  ...,    0,    0,    0],
        [1809,  991, 2477,  ...,    0,    0,    0],
        [1809, 5082, 1132,  ...,    0,    0,    0]])
82
tensor([[ 626, 3114, 1514,  ...,    0,    0,    0],
        [ 626, 3114, 1490,  ...,    0,    0,    0],
        [ 626, 3911, 2231,  ...,    0,    0,    0],
        ...,
        [ 626, 3911, 3781,  ...,    0,    0,    0],
        [ 626, 3911, 1939,  ...,    0,    0,    0],
        [ 626, 3114, 3065,  ...,    0,    0,    0]]) tensor([[1809, 4121,  382,  ...,    0,    0,    0],
        [1809, 2319,  382,  ...,    0,    0,    0],
        [1809, 1109, 1132,  ...,    0,    0,    0],
        ...,
        [1809, 2101,  382,  ...,    0,    0,    0],
        [1809, 4078,  378,  ...,    0,    0,    0],
        [1809, 1524, 1132,  ...,    0,    0,    0]])
83
tensor([[ 626, 3114, 3824,  ...,    0,    0,    0],
        [ 626, 3114, 3260,  ...,    0,    0,    0],
        [ 626, 3114, 1514,  ...,    0,    0,    0],
        ...,
        [ 626, 3114, 3596,  ...,    0,    0,    0],
        [ 626, 3911, 3319,  ...,    0,    0,    0],
        [ 626, 3114, 2677,  ...,    0,    0,    0]]) tensor([[1809, 2403, 1132,  ...,    0,    0,    0],
        [1809, 1252, 1132,  ...,    0,    0,    0],
        [1809, 5097, 1132,  ...,    0,    0,    0],
        ...,
        [1809, 4078,  378,  ...,    0,    0,    0],
        [1809, 4538,  378,  ...,    0,    0,    0],
        [1809, 4410, 1132,  ...,    0,    0,    0]])
84
tensor([[ 626, 3114, 1490,  ...,    0,    0,    0],
        [ 626, 3114, 3596,  ...,    0,    0,    0],
        [ 626, 3114, 3814,  ...,    0,    0,    0],
        ...,
        [ 626, 3114, 2104,  ...,    0,    0,    0],
        [ 626, 3114, 3814,  ...,    0,    0,    0],
        [ 626, 3114, 1934,  ...,    0,    0,    0]]) tensor([[1809, 4653, 1132,  ...,    0,    0,    0],
        [1809, 4078,  378,  ...,    0,    0,    0],
        [1809, 4592, 1132,  ...,    0,    0,    0],
        ...,
        [1809, 2312,  382,  ...,    0,    0,    0],
        [1809, 4592, 1132,  ...,    0,    0,    0],
        [1809, 3580, 1132,  ...,    0,    0,    0]])
85
tensor([[ 626, 3114, 1490,  ...,    0,    0,    0],
        [ 626, 3114, 1514,  ...,    0,    0,    0],
        [ 626, 3114, 1679,  ...,    0,    0,    0],
        ...,
        [ 626, 3114, 2070,  ...,    0,    0,    0],
        [ 626, 3114, 2947,  ...,    0,    0,    0],
        [ 626, 3911, 3781,  ...,    0,    0,    0]]) tensor([[1809, 4078,  378,  ...,    0,    0,    0],
        [1809, 4078,  378,  ...,    0,    0,    0],
        [1809, 4703,  382,  ...,    0,    0,    0],
        ...,
        [1809, 1069,  382,  ...,    0,    0,    0],
        [1809, 5082, 1132,  ...,    0,    0,    0],
        [1809, 3689, 1132,  ...,    0,    0,    0]])
86
tensor([[ 626, 3114, 2074,  ...,    0,    0,    0],
        [ 626, 3114, 3772,  ...,    0,    0,    0],
        [ 626, 3114, 3794,  ...,    0,    0,    0],
        ...,
        [ 626, 3114, 4039,  ...,    0,    0,    0],
        [ 626, 3114, 3415,  ...,    0,    0,    0],
        [ 626, 3114, 3050,  ...,    0,    0,    0]]) tensor([[1809, 1991, 1132,  ...,    0,    0,    0],
        [1809, 5112,  382,  ...,    0,    0,    0],
        [1809, 4078,  378,  ...,    0,    0,    0],
        ...,
        [1809, 2477,  382,  ...,    0,    0,    0],
        [1809, 4078,  378,  ...,    0,    0,    0],
        [1809, 4538,  378,  ...,    0,    0,    0]])
87
tensor([[ 626, 3114, 1514,  ...,    0,    0,    0],
        [ 626, 3911, 3254,  ...,    0,    0,    0],
        [ 626, 3114, 2677,  ...,    0,    0,    0],
        ...,
        [ 626, 3911, 2231,  ...,    0,    0,    0],
        [ 626, 3911, 2231,  ...,    0,    0,    0],
        [ 626, 3114, 3596,  ...,    0,    0,    0]]) tensor([[1809, 2400,  382,  ...,    0,    0,    0],
        [1809, 2107, 1132,  ...,    0,    0,    0],
        [1809, 3770, 1132,  ...,    0,    0,    0],
        ...,
        [1809, 4230,  382,  ...,    0,    0,    0],
        [1809, 4511, 1132,  ...,    0,    0,    0],
        [1809, 4592, 1132,  ...,    0,    0,    0]])
88
tensor([[ 626, 3911, 3254,  ...,    0,    0,    0],
        [ 626, 3114, 1997,  ...,    0,    0,    0],
        [ 626, 3114, 1958,  ...,    0,    0,    0],
        ...,
        [ 626, 3114, 1843,  ...,    0,    0,    0],
        [ 626, 3114, 1514,  ...,    0,    0,    0],
        [ 626, 3114, 2444,  ...,    0,    0,    0]]) tensor([[1809, 1982,  382,  ...,    0,    0,    0],
        [1809, 4523, 1132,  ...,    0,    0,    0],
        [1809, 4592, 1132,  ...,    0,    0,    0],
        ...,
        [1809, 4988, 1132,  ...,    0,    0,    0],
        [1809, 2302, 1132,  ...,    0,    0,    0],
        [1809, 4203, 1132,  ...,    0,    0,    0]])
89
tensor([[ 626, 3114, 2677,  ...,    0,    0,    0],
        [ 626, 3114, 1559,  ...,    0,    0,    0],
        [ 626, 3114, 2104,  ...,    0,    0,    0],
        ...,
        [ 626, 3114, 3824,  ...,    0,    0,    0],
        [ 626, 3114, 1559,  ...,    0,    0,    0],
        [ 626, 3911, 1810,  ...,    0,    0,    0]]) tensor([[1809, 2427,  382,  ...,    0,    0,    0],
        [1809, 2045,  382,  ...,    0,    0,    0],
        [1809, 4078,  378,  ...,    0,    0,    0],
        ...,
        [1809, 1169,  382,  ...,    0,    0,    0],
        [1809, 1524, 1132,  ...,    0,    0,    0],
        [1809, 3148, 1132,  ...,    0,    0,    0]])
90
tensor([[ 626, 3114, 1794,  ...,    0,    0,    0],
        [ 626, 3114, 3044,  ...,    0,    0,    0],
        [ 626, 3114, 1505,  ...,    0,    0,    0],
        ...,
        [ 626, 3114, 1559,  ...,    0,    0,    0],
        [ 626, 3114, 3895,  ...,    0,    0,    0],
        [ 626, 3114, 3501,  ...,    0,    0,    0]]) tensor([[1809, 2234,  382,  ...,    0,    0,    0],
        [1809, 1524, 1132,  ...,    0,    0,    0],
        [1809, 3953, 1132,  ...,    0,    0,    0],
        ...,
        [1809,  850,  378,  ...,    0,    0,    0],
        [1809, 4286,  382,  ...,    0,    0,    0],
        [1809,  380, 1132,  ...,    0,    0,    0]])
91
tensor([[ 626, 3114, 3824,  ...,    0,    0,    0],
        [ 626, 3911, 2520,  ...,    0,    0,    0],
        [ 626, 3114, 1925,  ...,    0,    0,    0],
        ...,
        [ 626, 3911, 1810,  ...,    0,    0,    0],
        [ 626, 3114, 1506,  ...,    0,    0,    0],
        [ 626, 3911, 2231,  ...,    0,    0,    0]]) tensor([[1809,  675, 1132,  ...,    0,    0,    0],
        [1809,  991, 3870,  ...,    0,    0,    0],
        [1809, 4592,  382,  ...,    0,    0,    0],
        ...,
        [1809, 4592, 1132,  ...,    0,    0,    0],
        [1809, 4078,  378,  ...,    0,    0,    0],
        [1809, 4078,  378,  ...,    0,    0,    0]])
92
tensor([[ 626, 3114, 2677,  ...,    0,    0,    0],
        [ 626, 3114, 3501,  ...,    0,    0,    0],
        [ 626, 3114, 2444,  ...,    0,    0,    0],
        ...,
        [ 626, 3114, 2760,  ...,    0,    0,    0],
        [ 626, 3911, 3319,  ...,    0,    0,    0],
        [ 626, 3114, 1506,  ...,    0,    0,    0]]) tensor([[1809, 4017, 1132,  ...,    0,    0,    0],
        [1809, 4712, 1132,  ...,    0,    0,    0],
        [1809, 4651,  382,  ...,    0,    0,    0],
        ...,
        [1809,  380, 1132,  ...,    0,    0,    0],
        [1809, 3785,  382,  ...,    0,    0,    0],
        [1809, 5361, 1132,  ...,    0,    0,    0]])
93
tensor([[ 626, 3911, 1568,  ...,    0,    0,    0],
        [ 626, 3911, 1810,  ...,    0,    0,    0],
        [ 626, 3911, 3591,  ...,    0,    0,    0],
        ...,
        [ 626, 3114, 2304,  ...,    0,    0,    0],
        [ 626, 3114, 3073,  ...,    0,    0,    0],
        [ 626, 3911, 2231,  ...,    0,    0,    0]]) tensor([[1809, 3844, 1132,  ...,    0,    0,    0],
        [1809, 4592, 1132,  ...,    0,    0,    0],
        [1809, 4853,  382,  ...,    0,    0,    0],
        ...,
        [1809, 4078,  378,  ...,    0,    0,    0],
        [1809, 4982,  378,  ...,    0,    0,    0],
        [1809, 1034,  382,  ...,    0,    0,    0]])
94
tensor([[ 626, 3114, 2677,  ...,    0,    0,    0],
        [ 626, 3114, 1679,  ...,    0,    0,    0],
        [ 626, 3114, 2677,  ...,    0,    0,    0],
        ...,
        [ 626, 3114, 3404,  ...,    0,    0,    0],
        [ 626, 3114, 2727,  ...,    0,    0,    0],
        [ 626, 3114, 1850,  ...,    0,    0,    0]]) tensor([[1809, 2255,  382,  ...,    0,    0,    0],
        [1809, 4980, 1132,  ...,    0,    0,    0],
        [1809, 5204,  382,  ...,    0,    0,    0],
        ...,
        [1809, 4758, 1132,  ...,    0,    0,    0],
        [1809,  991, 5059,  ...,    0,    0,    0],
        [1809, 4078,  378,  ...,    0,    0,    0]])
95
tensor([[ 626, 3114, 1514,  ...,    0,    0,    0],
        [ 626, 3114, 3824,  ...,    0,    0,    0],
        [ 626, 3114, 1673,  ...,    0,    0,    0],
        ...,
        [ 626, 3114, 2727,  ...,    0,    0,    0],
        [ 626, 3114, 3618,  ...,    0,    0,    0],
        [ 626, 3114, 3824,  ...,    0,    0,    0]]) tensor([[1809, 4078,  378,  ...,    0,    0,    0],
        [1809,  850,  378,  ...,    0,    0,    0],
        [1809, 4161, 1132,  ...,    0,    0,    0],
        ...,
        [1809, 4488, 1132,  ...,    0,    0,    0],
        [1809, 1022,  382,  ...,    0,    0,    0],
        [1809, 1772,  382,  ...,    0,    0,    0]])
96
tensor([[ 626, 3911, 3587,  ...,    0,    0,    0],
        [ 626, 3114, 2961,  ...,    0,    0,    0],
        [ 626, 3114, 1514,  ...,    0,    0,    0],
        ...,
        [ 626, 3911, 2520,  ...,    0,    0,    0],
        [ 626, 3114, 3824,  ...,    0,    0,    0],
        [ 626, 3114, 2325,  ...,    0,    0,    0]]) tensor([[1809, 4411,  382,  ...,    0,    0,    0],
        [1809,  380, 1132,  ...,    0,    0,    0],
        [1809, 3021,  382,  ...,    0,    0,    0],
        ...,
        [1809, 4464, 1132,  ...,    0,    0,    0],
        [1809, 4538,  378,  ...,    0,    0,    0],
        [1809,  938, 1132,  ...,    0,    0,    0]])
97
tensor([[ 626, 3114, 1635,  ...,    0,    0,    0],
        [ 626, 3114, 3824,  ...,    0,    0,    0],
        [ 626, 3911, 2231,  ...,    0,    0,    0],
        ...,
        [ 626, 3114, 3738,  ...,    0,    0,    0],
        [ 626, 3911, 1972,  ...,    0,    0,    0],
        [ 626, 3114, 1505,  ...,    0,    0,    0]]) tensor([[1809, 1307, 1132,  ...,    0,    0,    0],
        [1809, 4372, 1132,  ...,    0,    0,    0],
        [1809, 4078,  378,  ...,    0,    0,    0],
        ...,
        [1809, 4429, 1132,  ...,    0,    0,    0],
        [1809, 3966, 1132,  ...,    0,    0,    0],
        [1809, 1134, 1132,  ...,    0,    0,    0]])
98
tensor([[ 626, 3114, 2677,  ...,    0,    0,    0],
        [ 626, 3114, 1934,  ...,    0,    0,    0],
        [ 626, 3114, 2070,  ...,    0,    0,    0],
        ...,
        [ 626, 3114, 2677,  ...,    0,    0,    0],
        [ 626, 3114, 2190,  ...,    0,    0,    0],
        [ 626, 3114, 4039,  ...,    0,    0,    0]]) tensor([[1809, 2477, 1132,  ...,    0,    0,    0],
        [1809, 4402, 1132,  ...,    0,    0,    0],
        [1809, 2818, 1132,  ...,    0,    0,    0],
        ...,
        [1809,  991, 1524,  ...,    0,    0,    0],
        [1809, 1871, 1132,  ...,    0,    0,    0],
        [1809, 4592,  382,  ...,    0,    0,    0]])
99
tensor([[ 626, 3114, 1925,  ...,    0,    0,    0],
        [ 626, 3114, 2104,  ...,    0,    0,    0],
        [ 626, 3114, 3596,  ...,    0,    0,    0],
        ...,
        [ 626, 3114, 2104,  ...,    0,    0,    0],
        [ 626, 3114, 3824,  ...,    0,    0,    0],
        [ 626, 3114, 3664,  ...,    0,    0,    0]]) tensor([[1809, 3490,  382,  ...,    0,    0,    0],
        [1809, 4635, 1132,  ...,    0,    0,    0],
        [1809, 4080, 1132,  ...,    0,    0,    0],
        ...,
        [1809, 4078,  378,  ...,    0,    0,    0],
        [1809, 1169, 1132,  ...,    0,    0,    0],
        [1809, 2385,  382,  ...,    0,    0,    0]])
100
tensor([[ 626, 3114, 3772,  ...,    0,    0,    0],
        [ 626, 3114, 2104,  ...,    0,    0,    0],
        [ 626, 3114, 2070,  ...,    0,    0,    0],
        ...,
        [ 626, 3911, 3392,  ...,    0,    0,    0],
        [ 626, 3114, 2104,  ...,    0,    0,    0],
        [ 626, 3114, 1679,  ...,    0,    0,    0]]) tensor([[1809, 4078,  378,  ...,    0,    0,    0],
        [1809, 1625,  382,  ...,    0,    0,    0],
        [1809, 2818, 1132,  ...,    0,    0,    0],
        ...,
        [1809,  991, 4767,  ...,    0,    0,    0],
        [1809, 2017,  382,  ...,    0,    0,    0],
        [1809, 4159,  382,  ...,    0,    0,    0]])
101
tensor([[ 626, 3114, 3618,  ...,    0,    0,    0],
        [ 626, 3114, 1514,  ...,    0,    0,    0],
        [ 626, 3114, 1679,  ...,    0,    0,    0],
        ...,
        [ 626, 3114, 1673,  ...,    0,    0,    0],
        [ 626, 3911, 2520,  ...,    0,    0,    0],
        [ 626, 3114, 1810,  ...,    0,    0,    0]]) tensor([[1809, 1834, 1132,  ...,    0,    0,    0],
        [1809, 4124, 1132,  ...,    0,    0,    0],
        [1809, 4078,  378,  ...,    0,    0,    0],
        ...,
        [1809, 3992, 1132,  ...,    0,    0,    0],
        [1809, 4078,  378,  ...,    0,    0,    0],
        [1809, 3083,  382,  ...,    0,    0,    0]])
102
tensor([[ 626, 3114, 2304,  ...,    0,    0,    0],
        [ 626, 3114, 2325,  ...,    0,    0,    0],
        [ 626, 3114, 1779,  ...,    0,    0,    0],
        ...,
        [ 626, 3114, 2984,  ...,    0,    0,    0],
        [ 626, 3114, 2677,  ...,    0,    0,    0],
        [ 626, 3911, 2520,  ...,    0,    0,    0]]) tensor([[1809, 2477, 1132,  ...,    0,    0,    0],
        [1809, 1302,  382,  ...,    0,    0,    0],
        [1809,  804, 1132,  ...,    0,    0,    0],
        ...,
        [1809, 4622, 1132,  ...,    0,    0,    0],
        [1809,  991, 2519,  ...,    0,    0,    0],
        [1809, 3870, 1132,  ...,    0,    0,    0]])
103
tensor([[ 626, 3114, 2444,  ...,    0,    0,    0],
        [ 626, 3114, 4149,  ...,    0,    0,    0],
        [ 626, 3911, 2231,  ...,    0,    0,    0],
        ...,
        [ 626, 3114, 2304,  ...,    0,    0,    0],
        [ 626, 3114, 3824,  ...,    0,    0,    0],
        [ 626, 3911, 3587,  ...,    0,    0,    0]]) tensor([[1809, 4324, 1132,  ...,    0,    0,    0],
        [1809, 2678,  382,  ...,    0,    0,    0],
        [1809, 4223,  382,  ...,    0,    0,    0],
        ...,
        [1809, 4592, 1132,  ...,    0,    0,    0],
        [1809, 1208, 1132,  ...,    0,    0,    0],
        [1809, 4230, 1132,  ...,    0,    0,    0]])
104
tensor([[ 626, 3911, 1939,  ...,    0,    0,    0],
        [ 626, 3114, 2677,  ...,    0,    0,    0],
        [ 626, 3114, 3824,  ...,    0,    0,    0],
        ...,
        [ 626, 3114, 1505,  ...,    0,    0,    0],
        [ 626, 3114, 1635,  ...,    0,    0,    0],
        [ 626, 3114, 3050,  ...,    0,    0,    0]]) tensor([[1809, 4078,  378,  ...,    0,    0,    0],
        [1809, 3970, 1132,  ...,    0,    0,    0],
        [1809, 4927,  382,  ...,    0,    0,    0],
        ...,
        [1809, 4078,  378,  ...,    0,    0,    0],
        [1809, 4078,  378,  ...,    0,    0,    0],
        [1809, 4538,  378,  ...,    0,    0,    0]])
105
tensor([[ 626, 3911, 2231,  ...,    0,    0,    0],
        [ 626, 3114, 3404,  ...,    0,    0,    0],
        [ 626, 3114, 3824,  ...,    0,    0,    0],
        ...,
        [ 626, 3114, 1966,  ...,    0,    0,    0],
        [ 626, 3911, 1810,  ...,    0,    0,    0],
        [ 626, 3114, 3050,  ...,    0,    0,    0]]) tensor([[1809, 2623,  382,  ...,    0,    0,    0],
        [1809, 5295, 1132,  ...,    0,    0,    0],
        [1809, 4360, 1132,  ...,    0,    0,    0],
        ...,
        [1809, 4078,  378,  ...,    0,    0,    0],
        [1809, 5361, 1132,  ...,    0,    0,    0],
        [1809, 3148, 1132,  ...,    0,    0,    0]])
106
tensor([[ 626, 3114, 2677,  ...,    0,    0,    0],
        [ 626, 3911, 2231,  ...,    0,    0,    0],
        [ 626, 3114, 3073,  ...,    0,    0,    0],
        ...,
        [ 626, 3114, 2104,  ...,    0,    0,    0],
        [ 626, 3114, 3824,  ...,    0,    0,    0],
        [ 626, 3911, 1903,  ...,    0,    0,    0]]) tensor([[1809, 4982,  378,  ...,    0,    0,    0],
        [1809, 4078,  378,  ...,    0,    0,    0],
        [1809,  850,  378,  ...,    0,    0,    0],
        ...,
        [1809,  713,  382,  ...,    0,    0,    0],
        [1809, 4326, 1132,  ...,    0,    0,    0],
        [1809,  991, 4003,  ...,    0,    0,    0]])
107
tensor([[ 626, 3114, 1514,  ...,    0,    0,    0],
        [ 626, 3114, 2420,  ...,    0,    0,    0],
        [ 626, 3114, 3415,  ...,    0,    0,    0],
        ...,
        [ 626, 3114, 3824,  ...,    0,    0,    0],
        [ 626, 3114, 3824,  ...,    0,    0,    0],
        [ 626, 3114, 1505,  ...,    0,    0,    0]]) tensor([[1809,  380, 1132,  ...,    0,    0,    0],
        [1809, 1929, 1132,  ...,    0,    0,    0],
        [1809, 1557, 1132,  ...,    0,    0,    0],
        ...,
        [1809, 1917,  382,  ...,    0,    0,    0],
        [1809, 1917, 1132,  ...,    0,    0,    0],
        [1809, 2403,  382,  ...,    0,    0,    0]])
108
tensor([[ 626, 3114, 3596,  ...,    0,    0,    0],
        [ 626, 3114, 2304,  ...,    0,    0,    0],
        [ 626, 3114, 1997,  ...,    0,    0,    0],
        ...,
        [ 626, 3114, 3895,  ...,    0,    0,    0],
        [ 626, 3114, 1925,  ...,    0,    0,    0],
        [ 626, 3114, 3664,  ...,    0,    0,    0]]) tensor([[1809, 4080, 1132,  ...,    0,    0,    0],
        [1809, 4592,  382,  ...,    0,    0,    0],
        [1809, 2391,  382,  ...,    0,    0,    0],
        ...,
        [1809, 4078,  378,  ...,    0,    0,    0],
        [1809,  991, 4247,  ...,    0,    0,    0],
        [1809, 2384, 1132,  ...,    0,    0,    0]])
