TIME STEP LOSS
0 10.342733383178711
1 8.682979583740234
2 7.366150379180908
3 6.5325703620910645
4 5.523472309112549
5 5.156311511993408
6 4.915110111236572
7 4.906558036804199
8 4.594277381896973
9 4.121952533721924
10 3.83968448638916
11 3.5314083099365234
12 3.300961494445801
13 3.3745734691619873
14 3.2888576984405518
15 3.037034273147583
16 2.8682050704956055
17 2.758305072784424
18 2.663935661315918
19 2.59572434425354
20 2.636934280395508
21 2.564708948135376
22 2.365345001220703
23 2.2227346897125244
24 2.2048959732055664
25 2.130794048309326
26 2.18660831451416
27 2.150181293487549
28 2.1085364818573
29 2.0034689903259277
30 1.9320828914642334
31 1.923621654510498
32 1.9081108570098877
33 1.9158560037612915
34 1.8714350461959839
35 1.787580132484436
36 1.7248083353042603
37 1.7481064796447754
38 1.7441630363464355
39 1.7083377838134766
40 1.7347745895385742
41 1.7106540203094482
42 1.6029460430145264
43 1.6550143957138062
44 1.571380376815796
45 1.6540192365646362
46 1.5721495151519775
47 1.5757765769958496
48 1.48312246799469
49 1.49415123462677
50 1.445696234703064
51 1.5493172407150269
52 1.4802793264389038
53 1.4799895286560059
54 1.5349156856536865
55 1.4244568347930908
56 1.478356122970581
57 1.4161542654037476
58 1.420746088027954
59 1.3764370679855347
60 1.4105091094970703
61 1.4195566177368164
62 1.4292590618133545
63 1.31503164768219
64 1.2940841913223267
65 1.3084136247634888
66 1.3314844369888306
67 1.3509916067123413
68 1.2413661479949951
69 1.3266565799713135
70 1.285044550895691
71 1.3581516742706299
72 1.2431012392044067
73 1.2839699983596802
74 1.2635942697525024
75 1.2525287866592407
76 1.2131547927856445
77 1.1436431407928467
78 1.243541955947876
79 1.2363109588623047
80 1.2020624876022339
81 1.3004673719406128
82 1.2287003993988037
83 1.2017651796340942
84 1.263454556465149
85 1.2165279388427734
86 1.2365189790725708
87 1.2256945371627808
88 1.162163496017456
89 1.2334848642349243
90 1.0660998821258545
91 1.1553136110305786
92 1.1653399467468262
93 1.157546043395996
94 1.217231035232544
95 1.1617234945297241
96 1.1448378562927246
97 1.1105079650878906
98 1.1967334747314453
99 1.0559768676757812
100 1.0983014106750488
101 1.0745108127593994
102 1.1985687017440796
103 1.095645546913147
104 1.1323438882827759
105 1.0981634855270386
106 1.1541422605514526
107 1.1109046936035156
108 1.1679502725601196
109 1.0516794919967651
110 1.1421053409576416
111 1.0674508810043335
112 1.1110626459121704
113 1.0672106742858887
114 1.0387632846832275
115 1.0471290349960327
116 1.013504981994629
117 1.0618373155593872
118 1.0178852081298828
119 1.0536506175994873
120 1.071814775466919
121 1.0543731451034546
122 1.0265852212905884
123 1.1362475156784058
124 0.9918887615203857
125 0.9995620250701904
126 1.009412407875061
127 0.9806496500968933
128 0.9969717860221863
129 1.068773865699768
130 1.0310832262039185
131 0.9732071161270142
132 1.0366313457489014
133 1.0198686122894287
134 1.032036542892456
135 1.1002225875854492
136 1.0171988010406494
137 1.048171043395996
138 1.005436897277832
139 1.0436022281646729
140 0.9580362439155579
141 1.0257591009140015
142 1.052233338356018
143 0.9975618124008179
144 0.9823194146156311
145 1.007886528968811
146 1.0005611181259155
147 1.0312100648880005
148 1.0154755115509033
149 1.079581379890442
150 0.9250650405883789
151 0.9668155312538147
152 0.9409463405609131
153 0.9694510102272034
154 1.023423671722412
155 0.9333731532096863
156 0.97524094581604
157 0.9811493754386902
158 0.9513149857521057
159 0.9566752314567566
160 0.9407002329826355
161 1.0243600606918335
162 0.9382867217063904
163 0.9016851782798767
164 1.029563069343567
165 1.002429723739624
166 0.9353947639465332
167 0.9394258260726929
168 1.0051672458648682
169 1.0291937589645386
170 0.9492053389549255
171 0.9389843940734863
172 0.9019647836685181
173 0.9072481989860535
174 0.908488392829895
175 0.9057760834693909
176 0.8770789504051208
177 0.9140815138816833
178 0.9217012524604797
179 1.0105522871017456
180 0.9798769354820251
181 0.9432865977287292
182 0.9506456851959229
183 0.925919234752655
184 0.9797130823135376
185 0.9863924980163574
186 0.9147709608078003
187 1.0286563634872437
188 0.9192377328872681
189 0.9033217430114746
190 0.879865825176239
191 0.8107402324676514
192 0.940548837184906
193 1.004667043685913
194 0.9051464200019836
195 0.9234173893928528
196 0.9750819802284241
197 0.9436118602752686
198 0.9515292048454285
199 0.8698775172233582
200 0.935704231262207
201 0.8878988027572632
202 0.8625965714454651
203 0.8890613317489624
204 0.9458774328231812
205 0.9297685027122498
206 0.9571084976196289
207 0.8658305406570435
208 0.9641344547271729
209 0.9029921889305115
210 0.8536659479141235
211 0.9009389877319336
212 0.8844683766365051
213 0.9350571632385254
214 0.9206427931785583
215 0.8624696731567383
216 0.8904963731765747
217 0.8812229633331299
218 0.926986575126648
219 0.8388876914978027
220 0.8993244171142578
221 0.8598625063896179
222 0.9493830800056458
223 0.9327410459518433
224 0.9162034392356873
225 0.834105372428894
226 0.8779860138893127
227 0.8896778225898743
228 0.8195866942405701
229 0.8724151849746704
230 0.9066538214683533
231 0.9142554998397827
232 0.8850575685501099
233 0.8774346709251404
234 0.8726620674133301
235 0.9109683632850647
236 0.8654970526695251
237 0.8627218008041382
238 0.7284364104270935
239 0.8692976236343384
240 0.8122724294662476
241 0.86992347240448
242 0.8340057730674744
243 0.8207576274871826
244 0.7946228384971619
245 0.8754773139953613
246 0.8459094166755676
247 0.8633747696876526
248 0.7895638942718506
249 0.835814893245697
250 0.8545978665351868
251 0.85845547914505
252 0.8946163058280945
253 0.8772472739219666
254 0.8754510283470154
255 0.7830115556716919
256 0.8789135217666626
257 0.8783355951309204
258 0.8982959985733032
259 0.8004245758056641
260 0.8400107026100159
261 0.8426069021224976
262 0.8529331088066101
263 0.7895917296409607
264 0.6981069445610046
265 0.8933021426200867
266 0.8199363946914673
267 0.8544953465461731
268 0.833479106426239
269 0.8602707982063293
270 0.8470365405082703
271 0.7891585826873779
272 0.8434367775917053
273 0.7125096917152405
274 0.8127245306968689
275 0.830096423625946
276 0.7803348302841187
277 0.8728474974632263
278 0.8967115879058838
279 0.8382371068000793
280 0.8242374658584595
281 0.8333367109298706
282 0.8322440981864929
283 0.7492765188217163
284 0.7542391419410706
285 0.9185745120048523
286 0.7485811710357666
287 0.8026769757270813
288 0.856894850730896
289 0.8436539769172668
290 0.8167749643325806
291 0.8430864214897156
292 0.7826308012008667
293 0.876124918460846
294 0.8310608863830566
295 0.7924605011940002
296 0.7067758440971375
297 0.7838774919509888
298 0.7808504700660706
299 0.8290490508079529
300 0.8143108487129211
301 0.8506519794464111
302 0.7821207642555237
303 0.7699804306030273
304 0.8040239810943604
305 0.7617082595825195
306 0.7885233759880066
307 0.8045958280563354
308 0.7672633528709412
309 0.7012338638305664
310 0.7948622107505798
311 0.7682064175605774
312 0.7463163733482361
313 0.7589108943939209
314 0.7776700258255005
315 0.7678126692771912
316 0.8305671811103821
317 0.9101982116699219
318 0.7664884924888611
319 0.7634121179580688
320 0.7348848581314087
321 0.7256340384483337
322 0.7817673087120056
323 0.7525936961174011
324 0.8475988507270813
325 0.7406702637672424
326 0.7244088649749756
327 0.6957517862319946
328 0.7799900770187378
329 0.7544846534729004
330 0.7762219905853271
331 0.7333958745002747
332 0.8123797178268433
333 0.7632049322128296
334 0.8245736956596375
335 0.8273870944976807
336 0.7726625204086304
337 0.7884446382522583
338 0.8417106866836548
339 0.7202200293540955
340 0.7206822633743286
341 0.8022254705429077
342 0.8172016739845276
343 0.7299601435661316
344 0.7196839451789856
345 0.6989830732345581
346 0.7910599708557129
347 0.7390172481536865
348 0.8225355744361877
349 0.7189457416534424
350 0.7230798602104187
351 0.8154381513595581
352 0.7343584895133972
353 0.7127052545547485
354 0.8469870686531067
355 0.7639323472976685
356 0.8016031980514526
357 0.7462031841278076
358 0.7697875499725342
359 0.6989917755126953
360 0.7273727059364319
361 0.7783758044242859
362 0.7181974053382874
363 0.70094895362854
364 0.7976395487785339
365 0.7666416168212891
366 0.779697597026825
367 0.7803428769111633
368 0.8153666853904724
369 0.7235455513000488
370 0.6904218196868896
371 0.8160576224327087
372 0.7293375730514526
373 0.6919239163398743
374 0.7789379954338074
375 0.7512422800064087
376 0.7332738041877747
377 0.7817042469978333
378 0.7523553967475891
379 0.8060749769210815
380 0.6887692213058472
381 0.7252273559570312
382 0.7559683918952942
383 0.7251809239387512
384 0.7406347990036011
385 0.7607014179229736
386 0.7658462524414062
387 0.7297211289405823
388 0.7905033230781555
389 0.785906970500946
390 0.7365820407867432
391 0.7332814335823059
392 0.7285807132720947
393 0.7256165742874146
394 0.7841384410858154
395 0.7246254086494446
396 0.8193836212158203
397 0.7456527948379517
398 0.764633059501648
399 0.6589675545692444
400 0.7689620852470398
401 0.7273536324501038
402 0.8001466989517212
403 0.723027229309082
404 0.7828008532524109
405 0.6140849590301514
406 0.743625283241272
407 0.7223553657531738
408 0.7523610591888428
409 0.719843864440918
410 0.7189565896987915
411 0.7139570116996765
412 0.6856003999710083
413 0.7213671803474426
414 0.7480406761169434
415 0.721647322177887
416 0.6617888808250427
417 0.6129412055015564
418 0.7189309597015381
419 0.7451764345169067
420 0.6773473024368286
421 0.6952567100524902
422 0.7077736258506775
423 0.6764439344406128
424 0.7569391131401062
425 0.7628403306007385
426 0.7118117213249207
427 0.7099823951721191
428 0.6590093374252319
429 0.7798244953155518
430 0.7010911703109741
431 0.6656582355499268
432 0.8396311402320862
433 0.746569037437439
434 0.688054621219635
435 0.7332466840744019
436 0.6781368255615234
437 0.6887113451957703
438 0.7601481676101685
439 0.7494465112686157
440 0.7526269555091858
441 0.623729407787323
442 0.7239060997962952
443 0.6597963571548462
444 0.7987115979194641
445 0.6145809888839722
446 0.7310017943382263
447 0.6730556488037109
448 0.692268967628479
449 0.7560699582099915
450 0.7694475650787354
451 0.7229390740394592
452 0.6973916292190552
453 0.6492730379104614
454 0.6467893719673157
455 0.6669983267784119
456 0.7474830150604248
457 0.6705136895179749
458 0.6937192678451538
459 0.6809476613998413
460 0.741930365562439
461 0.7496778964996338
462 0.7019267678260803
463 0.6463013887405396
464 0.6857559084892273
465 0.6802911758422852
466 0.7056436538696289
467 0.6373069882392883
468 0.684048056602478
469 0.6522876620292664
470 0.726575493812561
471 0.7815471291542053
472 0.6525660753250122
473 0.613842785358429
474 0.644364058971405
475 0.7701780200004578
476 0.7179782390594482
477 0.6702829003334045
478 0.7163457870483398
479 0.7259231209754944
480 0.6460123062133789
481 0.7212978601455688
482 0.673327624797821
483 0.7011643648147583
484 0.7495846748352051
485 0.718969464302063
486 0.670078456401825
487 0.6662120819091797
488 0.6610998511314392
489 0.7281479835510254
490 0.7292833924293518
491 0.6582759618759155
492 0.6524989008903503
493 0.6159924864768982
494 0.6681708097457886
495 0.6972499489784241
496 0.6085299849510193
497 0.6236920356750488
498 0.6215923428535461
499 0.7512929439544678
500 0.6521880030632019
MEAN TRAIN LOSS
0 8.194062232971191
50 1.2613261938095093
100 0.98026442527771
150 0.8284125328063965
200 0.7658789157867432
250 0.716141402721405
300 0.6787167191505432
350 0.6454666256904602
400 0.604263424873352
450 0.5808536410331726
500 0.5518760085105896
MEAN VAL LOSS
0 8.18435001373291
50 1.266184687614441
100 0.9519453048706055
150 0.8197269439697266
200 0.7582569122314453
250 0.7092899680137634
300 0.6673925518989563
350 0.6373939514160156
400 0.6138060092926025
450 0.5921639800071716
500 0.5576545596122742
