TIME STEP LOSS
0 9.899249076843262
1 9.576544761657715
2 9.666608810424805
3 9.502412796020508
4 9.484993934631348
5 9.450692176818848
6 9.484428405761719
7 9.398725509643555
8 9.224161148071289
9 9.352170944213867
10 9.251791954040527
11 9.00198745727539
12 9.031774520874023
13 9.016589164733887
14 9.036720275878906
15 8.859180450439453
16 8.853854179382324
17 8.82381534576416
18 8.661397933959961
19 8.708724021911621
20 8.478349685668945
21 8.557299613952637
22 8.528501510620117
23 8.585477828979492
24 8.332897186279297
25 8.358642578125
26 8.192400932312012
27 8.321118354797363
28 8.127276420593262
29 8.118415832519531
30 8.06733226776123
31 8.113157272338867
32 7.97113037109375
33 8.059168815612793
34 7.8591508865356445
35 8.030345916748047
36 7.875244617462158
37 7.847836494445801
38 7.723384380340576
39 7.720179557800293
40 7.600811004638672
41 7.5770158767700195
42 7.435205936431885
43 7.334643363952637
44 7.249251842498779
45 7.285184383392334
46 7.276954174041748
47 7.130422592163086
48 7.244136810302734
49 7.112789154052734
50 7.081768035888672
51 7.08257532119751
52 7.103735446929932
53 7.011541366577148
54 6.868165969848633
55 6.907296180725098
56 6.942049503326416
57 6.889810085296631
58 6.951440334320068
59 6.706021308898926
60 6.6691508293151855
61 6.707118511199951
62 6.7020978927612305
63 6.69672155380249
64 6.703759670257568
65 6.612479209899902
66 6.596889495849609
67 6.613572597503662
68 6.641200065612793
69 6.656265735626221
70 6.540621757507324
71 6.476311206817627
72 6.371064186096191
73 6.3179030418396
74 6.367443084716797
75 6.416623115539551
76 6.2953877449035645
77 6.387136936187744
78 6.165107250213623
79 6.22847843170166
80 6.21417760848999
81 6.1083598136901855
82 6.222372531890869
83 6.140292167663574
84 6.0352067947387695
85 5.992641925811768
86 6.073244094848633
87 6.131893634796143
88 6.059988021850586
89 6.126729488372803
90 5.807545185089111
91 5.856955528259277
92 5.712221145629883
93 5.942298412322998
94 5.940604209899902
95 5.801436901092529
96 5.690629482269287
97 5.703413963317871
98 5.891050815582275
99 5.639188766479492
100 5.684204578399658
101 5.7595367431640625
102 5.728382110595703
103 5.791312217712402
104 5.882206916809082
105 5.833109378814697
106 5.675363540649414
107 5.720539569854736
108 5.752936363220215
109 5.696061134338379
110 5.722350120544434
111 5.791339874267578
112 5.387592315673828
113 5.609923839569092
114 5.77409553527832
115 5.582132816314697
116 5.478329181671143
117 5.278017520904541
118 5.547360420227051
119 5.256162166595459
120 5.525102615356445
121 5.331916809082031
122 5.30100154876709
123 5.585498332977295
124 5.4720587730407715
125 5.503691673278809
126 5.517752647399902
127 5.2818403244018555
128 5.533335208892822
129 5.228576183319092
130 5.412388801574707
131 5.404563903808594
132 5.253983020782471
133 5.310166835784912
134 5.366460800170898
135 5.50319242477417
136 5.4554524421691895
137 5.25922155380249
138 5.4538469314575195
139 5.257415771484375
140 5.272922992706299
141 5.37436056137085
142 5.257342338562012
143 5.190463542938232
144 5.424875259399414
145 5.335646152496338
146 5.055841445922852
147 5.401700496673584
148 4.95692777633667
149 5.18290901184082
150 5.1618332862854
151 5.270071983337402
152 5.3818440437316895
153 5.264366626739502
154 5.251283645629883
155 5.137528896331787
156 5.309246063232422
157 5.11712646484375
158 5.305794715881348
159 5.125002861022949
160 5.096437454223633
161 5.168250560760498
162 5.1417951583862305
163 5.04727840423584
164 5.021327495574951
165 5.362488269805908
166 5.209145545959473
167 4.987173557281494
168 5.110074043273926
169 5.178715229034424
170 5.076507568359375
171 5.26513671875
172 4.709534168243408
173 4.983729839324951
174 5.297565937042236
175 5.170166969299316
176 5.338012218475342
177 5.502798080444336
178 5.189111232757568
179 5.220194339752197
180 5.013778209686279
181 4.9363603591918945
182 4.977067470550537
183 5.082461357116699
184 4.8735527992248535
185 4.727148532867432
186 5.038354396820068
187 4.734593868255615
188 5.284340858459473
189 4.8333563804626465
190 5.055287837982178
191 5.240180015563965
192 5.249745845794678
193 5.138903617858887
194 5.044447898864746
195 4.75072717666626
196 5.1546525955200195
197 5.1255621910095215
198 4.7965168952941895
199 4.829360485076904
200 4.6246819496154785
201 5.032907962799072
202 4.913347244262695
203 5.087568759918213
204 4.567275047302246
205 5.28399658203125
206 4.7915496826171875
207 4.623725891113281
208 5.1547160148620605
209 5.169205188751221
210 4.711316108703613
211 4.959075927734375
212 4.8922343254089355
213 5.037993907928467
214 4.921422004699707
215 4.820500373840332
216 4.806904315948486
217 5.036866188049316
218 4.966504096984863
219 4.876626968383789
220 4.876938343048096
221 4.858237266540527
222 4.921671390533447
223 4.86393404006958
224 5.040128707885742
225 4.7856950759887695
226 5.156984806060791
227 4.8794450759887695
228 4.715854644775391
229 4.786767959594727
230 4.832304954528809
231 4.487161636352539
232 4.673051834106445
233 4.717741012573242
234 4.531980037689209
235 4.726871013641357
236 4.9856276512146
237 4.715075492858887
238 5.1512861251831055
239 4.688333511352539
240 4.708349704742432
241 4.650712490081787
242 4.890798091888428
243 4.960334777832031
244 4.493200302124023
245 4.873420238494873
246 4.695192813873291
247 4.632082462310791
248 4.780586242675781
249 5.118276596069336
250 4.872321605682373
251 4.584660530090332
252 4.4665141105651855
253 4.802450656890869
254 4.961398601531982
255 4.7929511070251465
256 4.68427038192749
257 4.605985641479492
258 4.905819892883301
259 4.6937971115112305
260 4.676098346710205
261 4.627931118011475
262 4.974629878997803
263 4.6381425857543945
264 4.577455997467041
265 4.376063346862793
266 5.096743583679199
267 4.357554912567139
268 4.981713771820068
269 4.5132975578308105
270 4.704524040222168
271 4.38580322265625
272 4.876741409301758
273 4.900068283081055
274 4.594363689422607
275 4.6343278884887695
276 4.786218166351318
277 4.779655456542969
278 4.484934329986572
279 4.741947650909424
280 4.76569938659668
281 4.392895698547363
282 4.608034133911133
283 4.534004211425781
284 4.636194705963135
285 4.587901592254639
286 4.7006916999816895
287 4.769466876983643
288 4.876518249511719
289 4.582870960235596
290 4.685370445251465
291 4.620024681091309
292 4.7055983543396
293 4.081695079803467
294 4.600758075714111
295 4.6476593017578125
296 4.820512771606445
297 4.226739883422852
298 4.551651477813721
299 4.398072242736816
300 4.475375652313232
301 4.7835164070129395
302 4.502041816711426
303 4.5489935874938965
304 4.423425197601318
305 4.624808311462402
306 4.359313488006592
307 4.548938751220703
308 4.470400810241699
309 4.327602863311768
310 4.743655204772949
311 4.620529651641846
312 4.5208821296691895
313 4.475259780883789
314 4.4953436851501465
315 4.507521629333496
316 4.641048431396484
317 4.642351150512695
318 4.648497581481934
319 4.582910060882568
320 4.367284774780273
321 4.423507213592529
322 4.207978248596191
323 4.634903907775879
324 4.506143093109131
325 4.430352210998535
326 4.54209566116333
327 4.487576484680176
328 4.451233863830566
329 4.592935562133789
330 4.7182111740112305
331 4.765371322631836
332 4.532573699951172
333 4.474332809448242
334 4.39838171005249
335 4.047600269317627
336 4.6401448249816895
337 4.346741199493408
338 4.664651393890381
339 4.532027721405029
340 4.108903884887695
341 4.277220249176025
342 4.590317249298096
343 4.5611891746521
344 4.319629669189453
345 4.489240646362305
346 4.385097026824951
347 4.250034332275391
348 4.735511779785156
349 4.626633644104004
350 4.42095422744751
351 4.656647682189941
352 4.527198314666748
353 4.262417793273926
354 4.312206268310547
355 4.132121562957764
356 4.26171875
357 4.662405490875244
358 4.227269649505615
359 4.321582317352295
360 4.437155246734619
361 4.227206230163574
362 4.58696174621582
363 4.624462604522705
364 4.434577941894531
365 4.255849361419678
366 4.237024784088135
367 4.413733959197998
368 4.33596658706665
369 4.502996444702148
370 4.311063766479492
371 4.264769077301025
372 4.247166156768799
373 4.336944103240967
374 4.287020206451416
375 4.101848125457764
376 4.385028839111328
377 4.559744358062744
378 4.3668212890625
379 4.1732177734375
380 4.1942338943481445
381 3.9896903038024902
382 4.494372367858887
383 4.2779645919799805
384 4.373518466949463
385 4.375288486480713
386 4.479194164276123
387 4.0400543212890625
388 4.48197078704834
389 4.4047040939331055
390 4.4353742599487305
391 4.578062534332275
392 4.405873775482178
393 4.290733814239502
394 4.5149431228637695
395 4.527477264404297
396 4.259896278381348
397 3.888277530670166
398 4.3569536209106445
399 4.34575891494751
400 4.207965850830078
401 4.463309288024902
402 4.239496231079102
403 4.187790870666504
404 4.204034805297852
405 4.3752970695495605
406 4.404601573944092
407 4.38753080368042
408 4.122654914855957
409 4.122348785400391
410 4.468040943145752
411 4.435433387756348
412 4.33204460144043
413 4.089624404907227
414 4.195258140563965
415 4.23366117477417
416 4.364956855773926
417 4.331542491912842
418 3.9552626609802246
419 4.489564418792725
420 4.434159755706787
421 3.9517741203308105
422 3.959587574005127
423 4.212956428527832
424 4.191625595092773
425 4.390331268310547
426 4.197957515716553
427 4.2000412940979
428 4.012234210968018
429 3.984340190887451
430 4.481575965881348
431 4.230480670928955
432 4.222715854644775
433 4.292649745941162
434 4.2359185218811035
435 4.202295780181885
436 4.29437780380249
437 4.504037857055664
438 4.1105637550354
439 4.312939167022705
440 4.2309889793396
441 4.051464080810547
442 4.209992408752441
443 4.154775619506836
444 4.3441081047058105
445 4.2745208740234375
446 4.3408050537109375
447 4.266518592834473
448 4.174849510192871
449 3.9864084720611572
450 3.942185640335083
451 4.329665184020996
452 4.006254196166992
453 4.183112144470215
454 4.305857181549072
455 4.122186660766602
456 4.217950820922852
457 4.155361652374268
458 4.206441402435303
459 3.9724931716918945
460 3.984628200531006
461 4.484836101531982
462 4.257516384124756
463 4.106177806854248
464 4.227598667144775
465 4.488615036010742
466 3.92354416847229
467 4.129837989807129
468 4.221989154815674
469 4.189720153808594
470 3.839310884475708
471 4.077977657318115
472 4.324228286743164
473 4.209297180175781
474 4.406973361968994
475 4.344564914703369
476 4.114521503448486
477 4.1825056076049805
478 4.252827167510986
479 4.352546215057373
480 4.487423896789551
481 4.137350559234619
482 4.1511125564575195
483 4.165995121002197
484 3.908543586730957
485 4.3236985206604
486 4.394535064697266
487 3.8777554035186768
488 3.9052655696868896
489 4.128685474395752
490 4.104368686676025
491 3.9992666244506836
492 4.091797828674316
493 4.013913154602051
494 4.073427677154541
495 4.161311626434326
496 4.1083664894104
497 3.8917434215545654
498 4.112817287445068
499 3.8553569316864014
500 4.1515398025512695
501 4.30891227722168
502 4.0983967781066895
503 4.346318244934082
504 4.114865303039551
505 4.362100124359131
506 4.154540538787842
507 4.498172283172607
508 3.935131549835205
509 3.9492485523223877
510 4.254075527191162
511 4.016716957092285
512 4.148249626159668
513 4.464193344116211
514 4.502748489379883
515 4.260210990905762
516 4.206568717956543
517 4.195467472076416
518 4.0271525382995605
519 4.023222923278809
520 4.128911972045898
521 4.073012351989746
522 3.8176321983337402
523 3.9413459300994873
524 3.9531216621398926
525 3.984013319015503
526 3.967108726501465
527 3.8867135047912598
528 3.953359365463257
529 4.1036376953125
530 3.9628286361694336
531 4.0328569412231445
532 4.531435012817383
533 4.1027045249938965
534 4.124806880950928
535 3.8917670249938965
536 4.35130500793457
537 3.863236665725708
538 3.83298921585083
539 4.293791770935059
540 4.1732916831970215
541 3.890465021133423
542 4.019951343536377
543 4.1596574783325195
544 4.183882713317871
545 3.9436564445495605
546 4.068800449371338
547 3.829721689224243
548 4.299304008483887
549 3.8730382919311523
550 3.9630589485168457
551 3.8829777240753174
552 3.803760528564453
553 3.9612314701080322
554 4.136565208435059
555 3.882091522216797
556 4.171563625335693
557 4.197619438171387
558 4.115867614746094
559 4.137263298034668
560 3.977219343185425
561 4.220211505889893
562 4.115814685821533
563 4.10728645324707
564 3.9509644508361816
565 3.6967241764068604
566 4.211061477661133
567 3.6456520557403564
568 4.167599678039551
569 4.347349643707275
570 3.9584925174713135
571 4.084958553314209
572 4.255507469177246
573 3.587733268737793
574 3.9866156578063965
575 4.242780685424805
576 3.9342281818389893
577 4.087061405181885
578 4.138174057006836
579 3.833904981613159
580 3.696587562561035
581 4.107265472412109
582 3.857731342315674
583 4.262287139892578
584 4.245316982269287
585 3.877314329147339
586 4.102493762969971
587 3.804799795150757
588 4.158347129821777
589 4.137296199798584
590 4.1928019523620605
591 3.9699573516845703
592 3.7442142963409424
593 3.7287800312042236
594 3.9366276264190674
595 4.270321846008301
596 4.240184783935547
597 4.123051643371582
598 4.069895267486572
599 3.8784945011138916
600 4.126613616943359
601 3.616056203842163
602 3.996555805206299
603 3.7320032119750977
604 3.9416630268096924
605 3.850019931793213
606 3.8840842247009277
607 4.037031173706055
608 4.170622825622559
609 4.236146926879883
610 3.5049691200256348
611 3.8775863647460938
612 4.002556800842285
613 4.024227619171143
614 3.987272024154663
615 3.7052361965179443
616 3.6264290809631348
617 4.124199867248535
618 3.8367204666137695
619 3.9155049324035645
620 3.9430508613586426
621 3.864450454711914
622 3.6062755584716797
623 4.05260705947876
624 4.136366367340088
625 3.806061267852783
626 3.791689872741699
627 4.100668907165527
628 4.301166534423828
629 3.942657709121704
630 4.033824443817139
631 3.753323793411255
632 3.9928276538848877
633 4.098369121551514
634 3.8847033977508545
635 4.049431800842285
636 3.919928789138794
637 3.7492849826812744
638 3.931029796600342
639 3.742659330368042
640 4.020183563232422
641 3.5825068950653076
642 3.9684300422668457
643 3.9826104640960693
644 3.7844715118408203
645 3.496520519256592
646 3.867138147354126
647 3.7244343757629395
648 3.8968803882598877
649 3.918297052383423
650 3.648932695388794
651 3.6513848304748535
652 3.9153287410736084
653 3.5805721282958984
654 3.8696377277374268
655 4.003787994384766
656 4.065230846405029
657 3.680415153503418
658 3.860682964324951
659 3.6700477600097656
660 3.95149564743042
661 3.7359132766723633
662 3.743354082107544
663 3.7858645915985107
664 4.0534772872924805
665 4.085737228393555
666 4.001246929168701
667 3.8736355304718018
668 3.9698281288146973
669 3.9340808391571045
670 3.9395751953125
671 4.002318382263184
672 4.114253997802734
673 3.8944215774536133
674 3.7609517574310303
675 3.961904764175415
676 4.1123366355896
677 3.8712751865386963
678 3.6845004558563232
679 3.8675620555877686
680 3.8132107257843018
681 3.943695545196533
682 3.5578525066375732
683 3.9042093753814697
684 4.096937656402588
685 3.986497640609741
686 3.787834644317627
687 3.8745436668395996
688 4.088399410247803
689 3.845921754837036
690 3.8169779777526855
691 4.114048480987549
692 4.121022701263428
693 3.9363667964935303
694 3.857691764831543
695 3.963524580001831
696 3.6898679733276367
697 3.7703888416290283
698 3.6957521438598633
699 4.112590312957764
700 3.730079412460327
701 3.6765871047973633
702 3.8235573768615723
703 3.4830877780914307
704 3.6554462909698486
705 3.9051623344421387
706 3.8777360916137695
707 3.9452106952667236
708 3.7234153747558594
709 3.6997263431549072
710 4.022866725921631
711 3.970731019973755
712 4.087285041809082
713 3.7544538974761963
714 3.4883570671081543
715 3.919456720352173
716 3.695727825164795
717 3.7849974632263184
718 3.679800033569336
719 3.735715389251709
720 3.72244930267334
721 4.105775356292725
722 3.93758487701416
723 3.5679595470428467
724 3.6604220867156982
725 3.9231526851654053
726 4.080247402191162
727 3.800121307373047
728 3.7395267486572266
729 3.6025989055633545
730 3.8415579795837402
731 4.05964994430542
732 3.7291386127471924
733 3.70570707321167
734 3.8012776374816895
735 3.856147050857544
736 4.0013837814331055
737 3.9242327213287354
738 3.7585995197296143
739 3.9786908626556396
740 3.9198193550109863
741 3.6827311515808105
742 3.9680850505828857
743 3.751659870147705
744 3.8679440021514893
745 3.9398648738861084
746 3.73272705078125
747 3.9383127689361572
748 3.6883738040924072
749 4.010067939758301
750 3.8742456436157227
751 3.858584403991699
752 3.765782594680786
753 3.5378639698028564
754 3.71425199508667
755 3.557314395904541
756 3.698216676712036
757 3.8359107971191406
758 3.9231104850769043
759 3.779121160507202
760 3.9086127281188965
761 3.931459903717041
762 3.92040753364563
763 3.5066962242126465
764 3.535390853881836
765 3.7248809337615967
766 3.620389938354492
767 3.6460366249084473
768 3.7801032066345215
769 3.828519105911255
770 3.637446641921997
771 3.8544363975524902
772 3.8773105144500732
773 3.775738477706909
774 4.081476211547852
775 3.695880651473999
776 3.851851463317871
777 3.6965553760528564
778 3.516094923019409
779 3.9106178283691406
780 3.583143472671509
781 3.8442225456237793
782 3.74364972114563
783 3.6339573860168457
784 3.7544798851013184
785 3.5408968925476074
786 3.7616636753082275
787 3.700110673904419
788 3.983306407928467
789 3.8487296104431152
790 3.704342842102051
791 3.6908888816833496
792 3.7128195762634277
793 3.683272123336792
794 3.8440115451812744
795 3.79357647895813
796 3.730116367340088
797 3.6916747093200684
798 3.553567409515381
799 3.602163553237915
800 3.5444815158843994
801 3.498628854751587
802 3.853241443634033
803 3.9628231525421143
804 3.729853391647339
805 3.6695456504821777
806 3.6877219676971436
807 3.723296642303467
808 3.8232812881469727
809 3.659078598022461
810 3.8758037090301514
811 3.7037999629974365
812 3.6612441539764404
813 3.7162537574768066
814 3.818843364715576
815 3.6795289516448975
816 3.7114124298095703
817 3.809905529022217
818 3.4651939868927
819 3.5381760597229004
820 3.530167818069458
821 3.7584922313690186
822 3.7632434368133545
823 3.7094919681549072
824 3.952277898788452
825 3.7181613445281982
826 3.51533579826355
827 4.029942512512207
828 3.565354347229004
829 3.520427942276001
830 3.6570825576782227
831 3.8011958599090576
832 3.909437656402588
833 3.821208953857422
834 3.7743570804595947
835 3.4915759563446045
836 3.673482656478882
837 3.552550792694092
838 3.795388698577881
839 3.6382222175598145
840 3.8495988845825195
841 3.752326011657715
842 3.595612049102783
843 3.89581561088562
844 3.778813123703003
845 3.7173538208007812
846 3.788957118988037
847 3.743833065032959
848 3.5068259239196777
849 3.8581769466400146
850 3.5950353145599365
851 3.5438640117645264
852 3.5650832653045654
853 3.3513529300689697
854 3.5851471424102783
855 3.877980947494507
856 3.63681960105896
857 3.6515915393829346
858 3.5558066368103027
859 3.7149243354797363
860 3.8744492530822754
861 3.4890122413635254
862 3.658006429672241
863 3.7266361713409424
864 3.7419424057006836
865 3.7288308143615723
866 3.8503730297088623
867 3.928868293762207
868 3.534480094909668
869 3.572939157485962
870 3.5309455394744873
871 3.877835750579834
872 3.6837875843048096
873 3.4826560020446777
874 3.7918224334716797
875 3.5946977138519287
876 3.728952407836914
877 3.667628526687622
878 3.7667436599731445
879 3.7467665672302246
880 3.926968812942505
881 3.7148094177246094
882 3.710707187652588
883 3.6637423038482666
884 3.5676896572113037
885 3.7611725330352783
886 3.5741324424743652
887 3.3897793292999268
888 3.828159809112549
889 3.864501476287842
890 3.6362786293029785
891 3.6869282722473145
892 3.704369306564331
893 3.574805498123169
894 3.724134922027588
895 3.6432998180389404
896 3.574385643005371
897 3.260401487350464
898 3.603670358657837
899 3.4961752891540527
900 3.518566608428955
901 3.7272379398345947
902 3.766240119934082
903 3.7311649322509766
904 3.763368844985962
905 3.305337429046631
906 3.8702354431152344
907 3.7059543132781982
908 3.276949882507324
909 3.6557745933532715
910 3.6076064109802246
911 3.457244873046875
912 3.9544425010681152
913 3.799166440963745
914 3.5000555515289307
915 3.3246500492095947
916 3.498554229736328
917 3.6234447956085205
918 3.905726194381714
919 3.5490074157714844
920 3.6757872104644775
921 3.825699806213379
922 3.642125368118286
923 3.7391231060028076
924 3.5268023014068604
925 3.40376353263855
926 3.55057954788208
927 3.6363396644592285
928 3.692584753036499
929 3.553269147872925
930 3.7568459510803223
931 3.8276495933532715
932 3.6798694133758545
933 3.5002262592315674
934 3.4206221103668213
935 3.519010543823242
936 3.5428049564361572
937 3.6248860359191895
938 3.5193216800689697
939 3.5648326873779297
940 3.49041748046875
941 3.585380792617798
942 3.5752031803131104
943 3.7690329551696777
944 3.3971478939056396
945 3.6299126148223877
946 3.597039222717285
947 3.429060697555542
948 3.4931232929229736
949 3.6261448860168457
950 3.600555896759033
951 3.9217073917388916
952 3.326817512512207
953 3.585808038711548
954 3.7107739448547363
955 3.8445675373077393
956 3.5888595581054688
957 3.409113645553589
958 3.820315361022949
959 3.7682647705078125
960 3.708599805831909
961 3.237365484237671
962 3.5781924724578857
963 3.3945322036743164
964 3.4256415367126465
965 3.6219892501831055
966 3.660782814025879
967 3.7324960231781006
968 3.6893248558044434
969 3.7868895530700684
970 3.4693522453308105
971 3.332383871078491
972 3.81526517868042
973 3.657419204711914
974 3.5956125259399414
975 3.523972749710083
976 3.561016321182251
977 3.712308645248413
978 3.669475555419922
979 3.593090057373047
980 3.460479974746704
981 3.4941811561584473
982 3.151357412338257
983 3.2396020889282227
984 3.3865067958831787
985 3.578382730484009
986 3.6509225368499756
987 3.4320294857025146
988 3.854722261428833
989 3.5249578952789307
990 3.77923321723938
991 3.538353681564331
992 3.4787588119506836
993 3.629967212677002
994 3.551450490951538
995 3.4425652027130127
996 3.8330142498016357
997 3.366957664489746
998 3.5615718364715576
999 3.73555064201355
1000 3.8806681632995605
1001 3.669938564300537
1002 3.415039539337158
1003 3.515258312225342
1004 3.6319849491119385
1005 3.7022271156311035
1006 3.5207679271698
1007 3.5724503993988037
1008 3.658740282058716
1009 3.212430477142334
1010 3.477046489715576
1011 3.234844923019409
1012 3.6869022846221924
1013 3.031097412109375
1014 3.4627206325531006
1015 3.3278393745422363
1016 3.828979253768921
1017 3.719820499420166
1018 3.4142608642578125
1019 3.5652801990509033
1020 3.6008753776550293
1021 3.4409983158111572
1022 3.6953892707824707
1023 3.744014024734497
1024 3.555462598800659
1025 3.5355045795440674
1026 3.3871185779571533
1027 3.281190872192383
1028 3.778568744659424
1029 3.5562751293182373
1030 3.709775686264038
1031 3.568800926208496
1032 3.5286941528320312
1033 3.0364367961883545
1034 3.448826313018799
1035 3.6458466053009033
1036 3.359705686569214
1037 3.9472286701202393
1038 3.297329902648926
1039 3.4641945362091064
1040 3.3558995723724365
1041 3.4635016918182373
1042 3.5461699962615967
1043 3.428654193878174
1044 3.6225664615631104
1045 3.6285006999969482
1046 3.492600202560425
1047 3.4866397380828857
1048 3.347708225250244
1049 3.610940933227539
1050 3.177401065826416
1051 3.496194362640381
1052 3.7249839305877686
1053 3.556407928466797
1054 3.390591859817505
1055 3.5098986625671387
1056 3.2382516860961914
1057 3.5858211517333984
1058 3.6093342304229736
1059 3.8280420303344727
1060 3.8353030681610107
1061 3.4580729007720947
1062 3.3914153575897217
1063 3.477327823638916
1064 3.5388691425323486
1065 3.7189548015594482
1066 3.5725018978118896
1067 3.569378614425659
1068 3.4416260719299316
1069 3.5591797828674316
1070 3.2598907947540283
1071 3.5156540870666504
1072 3.634584903717041
1073 3.5324416160583496
1074 3.5469107627868652
1075 3.3661887645721436
1076 3.6973512172698975
1077 3.539667844772339
1078 3.4503915309906006
1079 3.541018486022949
1080 3.4536361694335938
1081 3.23052978515625
1082 3.6080031394958496
1083 3.504635810852051
1084 3.8003358840942383
1085 3.616069793701172
1086 3.213446617126465
1087 3.5124850273132324
1088 3.701009750366211
1089 3.5880513191223145
1090 3.596391201019287
1091 3.4670238494873047
1092 3.2966740131378174
1093 3.477146863937378
1094 3.342599391937256
1095 3.4984943866729736
1096 3.283147096633911
1097 3.291289806365967
1098 3.2478952407836914
1099 3.5314300060272217
1100 3.132685661315918
1101 3.443265676498413
1102 3.5744030475616455
1103 3.492281675338745
1104 3.5246365070343018
1105 3.325563430786133
1106 3.187055826187134
1107 3.778022289276123
1108 3.4251253604888916
1109 3.4843928813934326
1110 3.516798257827759
1111 3.5772593021392822
1112 3.5757150650024414
1113 3.2937734127044678
1114 3.9198203086853027
1115 3.484102487564087
1116 3.450608491897583
1117 3.470156192779541
1118 3.4819626808166504
1119 3.1350700855255127
1120 3.5923500061035156
1121 3.446762800216675
1122 3.4990830421447754
1123 3.2927801609039307
1124 3.481577157974243
1125 3.6185531616210938
1126 3.171722888946533
1127 3.4541008472442627
1128 3.2107250690460205
1129 3.2123332023620605
1130 3.5295605659484863
1131 3.645683765411377
1132 3.380754232406616
1133 3.4914464950561523
1134 3.408790111541748
1135 3.6078991889953613
1136 3.7081146240234375
1137 3.1608667373657227
1138 3.5825629234313965
1139 3.609553575515747
1140 3.3074352741241455
1141 3.415522575378418
1142 3.3287882804870605
1143 3.420344591140747
1144 3.4198124408721924
1145 3.4379985332489014
1146 3.119230270385742
1147 3.3295488357543945
1148 3.2289113998413086
1149 3.3704020977020264
1150 3.263216972351074
1151 3.4397051334381104
1152 3.4741125106811523
1153 3.3752362728118896
1154 3.4542031288146973
1155 3.2522387504577637
1156 3.078794002532959
1157 3.456042528152466
1158 3.4368767738342285
1159 3.68540620803833
1160 3.278186798095703
1161 3.477468729019165
1162 3.48543119430542
1163 3.1076924800872803
1164 3.506466865539551
1165 3.3099162578582764
1166 3.21094012260437
1167 3.2307846546173096
1168 3.3938791751861572
1169 3.484279155731201
1170 3.3139736652374268
1171 3.2578511238098145
1172 3.507398843765259
1173 3.4848432540893555
1174 3.249370813369751
1175 3.43576979637146
1176 3.126037836074829
1177 3.3195834159851074
1178 3.285926342010498
1179 3.3641574382781982
1180 3.4474263191223145
1181 3.259814739227295
1182 3.434638500213623
1183 3.1618082523345947
1184 3.4221198558807373
1185 3.16489577293396
1186 3.4470582008361816
1187 3.610968589782715
1188 3.45042085647583
1189 3.147411346435547
1190 3.557941436767578
1191 3.6849875450134277
1192 3.4398765563964844
1193 3.540548324584961
1194 3.571659803390503
1195 3.1952850818634033
1196 3.6225409507751465
1197 3.4765398502349854
1198 3.4263787269592285
1199 3.2364864349365234
1200 3.360182046890259
1201 3.445014238357544
1202 3.2997794151306152
1203 3.480323076248169
1204 3.66243839263916
1205 3.482508420944214
1206 3.2601985931396484
1207 3.2198286056518555
1208 3.3846471309661865
1209 3.430124044418335
1210 3.6484134197235107
1211 3.1226422786712646
1212 3.4798126220703125
1213 3.363503932952881
1214 3.2272138595581055
1215 3.1379506587982178
1216 3.4319963455200195
1217 3.294344663619995
1218 3.3405954837799072
1219 3.2215375900268555
1220 3.3024239540100098
1221 3.298853874206543
1222 3.460789203643799
1223 3.37983775138855
1224 3.092478036880493
1225 3.4204912185668945
1226 3.4590415954589844
1227 3.5068559646606445
1228 3.2969179153442383
1229 3.379082441329956
1230 3.392639398574829
1231 3.3597664833068848
1232 3.34781551361084
1233 3.3838720321655273
1234 3.3604233264923096
1235 3.5521490573883057
1236 3.542003870010376
1237 3.209313154220581
1238 3.5889594554901123
1239 3.452695369720459
1240 3.437239646911621
1241 3.449144124984741
1242 3.6307613849639893
1243 3.209324598312378
1244 3.632718324661255
1245 3.1254570484161377
1246 3.3177316188812256
1247 3.380760669708252
1248 3.4258928298950195
1249 3.3504536151885986
1250 3.46881103515625
1251 3.3522355556488037
1252 3.3351821899414062
1253 3.4300553798675537
1254 3.5022246837615967
1255 3.4478306770324707
1256 3.2315468788146973
1257 3.2542736530303955
1258 3.469069719314575
1259 3.499289035797119
1260 3.2013628482818604
1261 3.205059289932251
1262 3.466141939163208
1263 3.279707431793213
1264 3.0383553504943848
1265 3.5402700901031494
1266 3.209506034851074
1267 3.473140001296997
1268 3.261540651321411
1269 3.468162775039673
1270 3.121354579925537
1271 3.211198568344116
1272 3.343140125274658
1273 3.236643075942993
1274 3.3458008766174316
1275 3.6193723678588867
1276 3.143406867980957
1277 3.272343635559082
1278 3.326730966567993
1279 3.024142265319824
1280 3.702821731567383
1281 3.254703998565674
1282 3.640272617340088
1283 3.3706297874450684
1284 3.6552789211273193
1285 3.2859184741973877
1286 3.2671821117401123
1287 3.3553411960601807
1288 3.164208173751831
1289 3.2516393661499023
1290 3.2971138954162598
1291 3.2777862548828125
1292 3.302375555038452
1293 3.324251890182495
1294 3.4512054920196533
1295 3.2771732807159424
1296 3.3446333408355713
1297 3.3735947608947754
1298 3.24702525138855
1299 3.039663791656494
1300 3.406489610671997
1301 3.278416872024536
1302 3.11579966545105
1303 3.2178547382354736
1304 3.7717204093933105
1305 3.664832353591919
1306 3.533634901046753
1307 3.3793516159057617
1308 3.1417696475982666
1309 3.096978187561035
1310 3.4748435020446777
1311 3.37155818939209
1312 3.261723041534424
1313 3.675452947616577
1314 3.511680841445923
1315 3.6964006423950195
1316 3.5311086177825928
1317 3.085132598876953
1318 3.3645870685577393
1319 3.285510540008545
1320 3.477447271347046
1321 3.395900249481201
1322 3.3184499740600586
1323 3.1728525161743164
1324 3.5699996948242188
1325 3.0615851879119873
1326 3.3439888954162598
1327 3.0747482776641846
1328 3.1998353004455566
1329 3.5174672603607178
1330 3.3909237384796143
1331 3.3486855030059814
1332 3.2360188961029053
1333 3.1480462551116943
1334 2.978205680847168
1335 3.057734489440918
1336 3.416710615158081
1337 3.3361613750457764
1338 3.06535005569458
1339 3.3081209659576416
1340 3.401841402053833
1341 3.3247532844543457
1342 3.339118242263794
1343 3.3464889526367188
1344 3.1604509353637695
1345 3.371751308441162
1346 3.1172924041748047
1347 3.4815173149108887
1348 3.286750555038452
1349 3.1817336082458496
1350 3.266254186630249
1351 3.0327799320220947
1352 3.2133636474609375
1353 3.3039565086364746
1354 3.495792865753174
1355 3.1051578521728516
1356 3.295142650604248
1357 3.212006092071533
1358 3.1151161193847656
1359 3.3552513122558594
1360 3.361264228820801
1361 3.2763895988464355
1362 3.2928884029388428
1363 3.0875258445739746
1364 3.4847264289855957
1365 3.1828768253326416
1366 2.989809989929199
1367 3.161924362182617
1368 3.2898895740509033
1369 3.3728537559509277
1370 3.4152753353118896
1371 3.3665192127227783
1372 3.3078839778900146
1373 3.1459662914276123
1374 3.070161819458008
1375 3.412740468978882
1376 3.2609951496124268
1377 3.347189426422119
1378 3.4129152297973633
1379 3.2162415981292725
1380 3.259538173675537
1381 3.396913766860962
1382 3.334632635116577
1383 3.0901975631713867
1384 3.0300488471984863
1385 3.179903030395508
1386 3.1660256385803223
1387 3.3355114459991455
1388 3.2494261264801025
1389 3.4448421001434326
1390 3.444044589996338
1391 3.277146577835083
1392 2.998133659362793
1393 3.2174148559570312
1394 3.4364161491394043
1395 3.2884676456451416
1396 3.414191722869873
1397 3.3768839836120605
1398 3.355870485305786
1399 3.04651141166687
1400 3.430657148361206
1401 2.984656810760498
1402 3.5429975986480713
1403 3.407654285430908
1404 3.4109699726104736
1405 3.5166492462158203
1406 3.1916160583496094
1407 3.196389675140381
1408 3.5351922512054443
1409 3.2015633583068848
1410 3.1208667755126953
1411 3.2141408920288086
1412 3.374863386154175
1413 3.517395257949829
1414 3.1196253299713135
1415 3.3837809562683105
1416 3.3264544010162354
1417 3.30876088142395
1418 3.322209119796753
1419 3.36303973197937
1420 3.268725633621216
1421 3.162874698638916
1422 3.209442377090454
1423 3.0011279582977295
1424 3.0838401317596436
1425 3.16925311088562
1426 3.0529870986938477
1427 3.164842128753662
1428 3.372227668762207
1429 3.2554450035095215
1430 2.9394590854644775
1431 3.265334367752075
1432 3.1777021884918213
1433 3.2753093242645264
1434 3.4046857357025146
1435 3.2767834663391113
1436 3.237818717956543
1437 3.3779568672180176
1438 3.39048171043396
1439 2.9450435638427734
1440 3.2777557373046875
1441 3.4673073291778564
1442 3.2895991802215576
1443 3.106494665145874
1444 3.1511454582214355
1445 3.1794588565826416
1446 3.1895952224731445
1447 3.0945613384246826
1448 3.3703765869140625
1449 3.4553558826446533
1450 3.0270426273345947
1451 3.1536130905151367
1452 3.320007801055908
1453 3.212589979171753
1454 2.8761403560638428
1455 3.1403872966766357
1456 3.1828174591064453
1457 3.2667548656463623
1458 3.526826858520508
1459 3.019005298614502
1460 2.99631929397583
1461 3.1144156455993652
1462 3.2389297485351562
1463 3.0806241035461426
1464 3.381207227706909
1465 3.0629589557647705
1466 3.227653980255127
1467 3.1919333934783936
1468 3.246624708175659
1469 3.150965690612793
1470 3.2898287773132324
1471 2.902552366256714
1472 3.1359994411468506
1473 3.23905873298645
1474 3.0951836109161377
1475 3.3256213665008545
1476 3.2615039348602295
1477 3.5490660667419434
1478 3.3805837631225586
1479 3.2148783206939697
1480 3.2688074111938477
1481 3.103806734085083
1482 2.9759042263031006
1483 3.042980432510376
1484 3.359506845474243
1485 3.236140489578247
1486 3.3820083141326904
1487 3.340937376022339
1488 3.105790138244629
1489 3.4630024433135986
1490 3.110523223876953
1491 3.2538912296295166
1492 3.3098385334014893
1493 3.086137533187866
1494 3.372310161590576
1495 3.094041109085083
1496 3.4533517360687256
1497 3.2449514865875244
1498 3.048567771911621
1499 3.098975658416748
1500 3.179603099822998
1501 2.95687198638916
1502 3.195223331451416
1503 3.0643279552459717
1504 3.183671236038208
1505 3.0878922939300537
1506 3.388493537902832
1507 3.1645216941833496
1508 3.4524471759796143
1509 3.2568724155426025
1510 3.139153242111206
1511 3.35060977935791
1512 3.3087334632873535
1513 2.884308099746704
1514 3.168041944503784
1515 3.2830591201782227
1516 3.312304973602295
1517 3.2365212440490723
1518 3.249204635620117
1519 2.913245916366577
1520 2.943222999572754
1521 3.0819108486175537
1522 3.2703094482421875
1523 3.202129602432251
1524 3.386563777923584
1525 3.490347146987915
1526 3.2750558853149414
1527 2.992830276489258
1528 3.177619457244873
1529 3.071835994720459
1530 3.2667994499206543
1531 3.1318981647491455
1532 3.3568148612976074
1533 3.1157891750335693
1534 3.1263532638549805
1535 3.2269864082336426
1536 3.3826184272766113
1537 3.2818660736083984
1538 3.1769907474517822
1539 3.0858726501464844
1540 3.148414134979248
1541 3.2072112560272217
1542 2.8980929851531982
1543 3.3359992504119873
1544 3.3706862926483154
1545 3.097478151321411
1546 3.2363593578338623
1547 3.0628182888031006
1548 3.0400614738464355
1549 3.0677695274353027
1550 3.1006252765655518
1551 3.272935390472412
1552 3.198151111602783
1553 3.3590049743652344
1554 3.072507619857788
1555 3.2815091609954834
1556 3.064927101135254
1557 3.3868439197540283
1558 3.147535800933838
1559 3.310844898223877
1560 3.194150447845459
1561 3.090252637863159
1562 3.1735708713531494
1563 3.2620723247528076
1564 3.4098005294799805
1565 3.081322193145752
1566 3.1560988426208496
1567 3.3743667602539062
1568 3.2243552207946777
1569 3.1545307636260986
1570 3.3549158573150635
1571 3.281829595565796
1572 3.4130756855010986
1573 3.158684015274048
1574 3.1946709156036377
1575 2.9497270584106445
1576 2.9646480083465576
1577 3.2924740314483643
1578 3.0822572708129883
1579 2.8748583793640137
1580 3.112694263458252
1581 3.032505750656128
1582 3.179039478302002
1583 3.0196611881256104
1584 3.0009968280792236
1585 3.1665823459625244
1586 2.988375186920166
1587 3.073242664337158
1588 3.1646974086761475
1589 3.1265056133270264
1590 3.1719436645507812
1591 2.7265281677246094
1592 2.9582183361053467
1593 3.241112232208252
1594 3.154973030090332
1595 3.1711909770965576
1596 3.280602216720581
1597 3.260927200317383
1598 3.3216488361358643
1599 3.3186986446380615
1600 3.155745506286621
1601 2.8046889305114746
1602 3.321741819381714
1603 3.220637798309326
1604 2.9211506843566895
1605 3.20597243309021
1606 3.198681116104126
1607 3.226586103439331
1608 3.07206392288208
1609 3.2332944869995117
1610 3.357205629348755
1611 3.177279472351074
1612 3.2897636890411377
1613 3.064561367034912
1614 2.93697452545166
1615 3.068737268447876
1616 3.2424824237823486
1617 3.1258082389831543
1618 3.0690150260925293
1619 3.185805320739746
1620 3.093092918395996
1621 2.8936259746551514
1622 3.0366320610046387
1623 3.191080093383789
1624 3.1095869541168213
1625 3.3264806270599365
1626 3.443338394165039
1627 2.97212553024292
1628 3.172696352005005
1629 2.9467053413391113
1630 2.8638811111450195
1631 3.0939595699310303
1632 3.0591917037963867
1633 3.4924421310424805
1634 3.238379716873169
1635 3.415576219558716
1636 3.2902894020080566
1637 3.4840292930603027
1638 3.352175712585449
1639 3.171074867248535
1640 3.1183247566223145
1641 3.010219097137451
1642 3.1523942947387695
1643 2.949632167816162
1644 3.2156002521514893
1645 3.131814479827881
1646 3.092517852783203
1647 2.9613914489746094
1648 3.113072633743286
1649 3.025550127029419
1650 2.9134647846221924
1651 3.1560893058776855
1652 3.289138078689575
1653 3.30176043510437
1654 2.9732813835144043
1655 3.1085283756256104
1656 2.927500009536743
1657 3.003640651702881
1658 3.1696815490722656
1659 2.936141014099121
1660 3.2667324542999268
1661 3.031914472579956
1662 3.3400003910064697
1663 3.052508592605591
1664 3.3065030574798584
1665 3.120108127593994
1666 3.2006025314331055
1667 3.2278666496276855
1668 2.9860174655914307
1669 3.451643705368042
1670 2.994049549102783
1671 3.081660032272339
1672 3.295750856399536
1673 3.270371437072754
1674 3.1909563541412354
1675 3.113224744796753
1676 3.4210867881774902
1677 3.342672824859619
1678 2.987825870513916
1679 3.179720640182495
1680 3.280113458633423
1681 3.240692138671875
1682 3.081429958343506
1683 2.8853516578674316
1684 2.9189460277557373
1685 2.698154926300049
1686 2.934002161026001
1687 2.955644130706787
1688 3.146965265274048
1689 3.125979423522949
1690 3.137075662612915
1691 3.0733768939971924
1692 2.9122133255004883
1693 3.0472519397735596
1694 2.9888827800750732
1695 3.2844414710998535
1696 2.995882511138916
1697 3.1715445518493652
1698 3.136753559112549
1699 3.238430976867676
1700 3.227524995803833
1701 3.1992359161376953
1702 3.183929681777954
1703 3.0792832374572754
1704 3.0193543434143066
1705 3.1141793727874756
1706 3.3030927181243896
1707 3.3424572944641113
1708 3.1324803829193115
1709 2.982597589492798
1710 3.057494878768921
1711 3.107564687728882
1712 2.985776901245117
1713 3.170879602432251
1714 3.129185676574707
1715 3.0653140544891357
1716 3.1666696071624756
1717 3.1658544540405273
1718 3.0030765533447266
1719 3.112020492553711
1720 2.825061082839966
1721 3.1269588470458984
1722 2.97308087348938
1723 2.9763455390930176
1724 3.2633252143859863
1725 2.842416286468506
1726 2.898332357406616
1727 2.9152979850769043
1728 3.189516544342041
1729 3.027540683746338
1730 3.0881595611572266
1731 2.871621608734131
1732 2.8758060932159424
1733 3.3580827713012695
1734 2.989638328552246
1735 3.139554977416992
1736 3.057095527648926
1737 3.0304296016693115
1738 2.95314621925354
1739 3.2520923614501953
1740 3.1684963703155518
1741 2.746779680252075
1742 3.0836737155914307
1743 3.0626561641693115
1744 2.981227159500122
1745 3.45246958732605
1746 2.93642258644104
1747 3.1218018531799316
1748 2.8924291133880615
1749 2.950961112976074
1750 3.2141849994659424
1751 2.7941339015960693
1752 3.188216209411621
1753 3.09995436668396
1754 3.3304572105407715
1755 2.9158456325531006
1756 3.265199899673462
1757 3.1399850845336914
1758 2.8454983234405518
1759 3.1071271896362305
1760 2.9195475578308105
1761 3.0999698638916016
1762 3.0634076595306396
1763 2.7727887630462646
1764 3.0833306312561035
1765 3.2161247730255127
1766 3.231159210205078
1767 2.9722936153411865
1768 3.204308271408081
1769 3.104346752166748
1770 3.062462568283081
1771 3.010338306427002
1772 3.124648094177246
1773 2.8873841762542725
1774 3.1915276050567627
1775 2.7710447311401367
1776 2.870361566543579
1777 3.0497472286224365
1778 3.0432989597320557
1779 3.2460434436798096
1780 3.0888242721557617
1781 3.2126829624176025
1782 3.1151368618011475
1783 2.940565824508667
1784 3.099148988723755
1785 2.9495527744293213
1786 3.0769760608673096
1787 3.140066385269165
1788 3.2121782302856445
1789 2.8812332153320312
1790 3.077324390411377
1791 2.8280341625213623
1792 2.828584909439087
1793 3.014126777648926
1794 2.904172658920288
1795 2.959174633026123
1796 3.072439670562744
1797 2.9777729511260986
1798 2.9815080165863037
1799 3.2633681297302246
1800 3.1197001934051514
1801 3.041987419128418
1802 2.990896701812744
1803 3.1194140911102295
1804 2.618978977203369
1805 3.1103317737579346
1806 3.137935161590576
1807 3.195265293121338
1808 3.0217318534851074
1809 3.2855842113494873
1810 3.1415798664093018
1811 2.942417860031128
1812 2.9084248542785645
1813 3.1961770057678223
1814 3.0446889400482178
1815 3.063582181930542
1816 3.1059179306030273
1817 2.900665044784546
1818 2.8625926971435547
1819 3.1249496936798096
1820 3.235610008239746
1821 3.241654634475708
1822 3.0074827671051025
1823 2.9188618659973145
1824 3.040893793106079
1825 3.012288808822632
1826 3.062896251678467
1827 3.108098030090332
1828 2.926748752593994
1829 3.156891107559204
1830 2.9570138454437256
1831 3.0407824516296387
1832 3.0131125450134277
1833 2.969794988632202
1834 2.9237616062164307
1835 2.968869686126709
1836 3.268772840499878
1837 2.7796645164489746
1838 2.9180727005004883
1839 3.010573387145996
1840 2.9679949283599854
1841 2.9339466094970703
1842 2.8694863319396973
1843 3.0500075817108154
1844 3.165442705154419
1845 3.1387879848480225
1846 2.8913092613220215
1847 2.914262533187866
1848 2.6973204612731934
1849 2.947968006134033
1850 2.8587052822113037
1851 3.2201478481292725
1852 2.8255414962768555
1853 3.1390438079833984
1854 3.190176248550415
1855 3.1859662532806396
1856 3.355348587036133
1857 3.1072311401367188
1858 3.2291300296783447
1859 3.1953511238098145
1860 2.923377513885498
1861 3.054921865463257
1862 2.5800859928131104
1863 3.0326764583587646
1864 3.0780928134918213
1865 2.8583176136016846
1866 2.854107141494751
1867 3.0561695098876953
1868 2.771383285522461
1869 3.067620277404785
1870 3.1008224487304688
1871 3.3162806034088135
1872 2.8046560287475586
1873 3.0179555416107178
1874 3.048426866531372
1875 3.129617691040039
1876 3.295503616333008
1877 3.0292704105377197
1878 2.952695608139038
1879 3.206319570541382
1880 2.8104875087738037
1881 2.9571640491485596
1882 3.0956785678863525
1883 3.143988847732544
1884 2.908050775527954
1885 2.4859237670898438
1886 3.138399600982666
1887 3.0001401901245117
1888 3.2341420650482178
1889 3.144094467163086
1890 2.8947677612304688
1891 2.9860410690307617
1892 2.8747026920318604
1893 2.9774765968322754
1894 2.87998104095459
1895 3.2332470417022705
1896 3.0237863063812256
1897 2.7888314723968506
1898 3.0672647953033447
1899 3.1969969272613525
1900 2.9528491497039795
1901 3.0172276496887207
1902 3.045732021331787
1903 3.04390025138855
1904 2.960996150970459
1905 2.8634164333343506
1906 3.0099923610687256
1907 2.9869730472564697
1908 3.108851671218872
1909 3.0471155643463135
1910 3.120741605758667
1911 3.0220532417297363
1912 2.9885830879211426
1913 2.978739023208618
1914 2.850297451019287
1915 3.0556578636169434
1916 2.9392213821411133
1917 3.0442466735839844
1918 2.9135732650756836
1919 3.187851667404175
1920 2.7045063972473145
1921 2.9751408100128174
1922 3.232090473175049
1923 2.9247543811798096
1924 2.8036868572235107
1925 2.9513368606567383
1926 2.7927963733673096
1927 2.781975030899048
1928 3.0592541694641113
1929 2.965268135070801
1930 2.9326725006103516
1931 2.7331836223602295
1932 3.0927681922912598
1933 2.8036482334136963
1934 2.9875588417053223
1935 2.9963645935058594
1936 3.025792360305786
1937 2.8333346843719482
1938 2.728017807006836
1939 3.12099289894104
1940 3.1653082370758057
1941 3.1064224243164062
1942 3.256314516067505
1943 2.9084970951080322
1944 2.751439094543457
1945 2.953587055206299
1946 3.054239273071289
1947 2.89083194732666
1948 3.201131820678711
1949 2.762453317642212
1950 2.986685037612915
1951 3.045274496078491
1952 2.8168866634368896
1953 2.883183717727661
1954 3.0187597274780273
1955 3.158712387084961
1956 3.055805206298828
1957 2.8394699096679688
1958 3.135350227355957
1959 2.8319530487060547
1960 3.4170854091644287
1961 3.30214786529541
1962 2.8890187740325928
1963 3.2031197547912598
1964 3.1884846687316895
1965 2.893679141998291
1966 2.8918118476867676
1967 2.8303258419036865
1968 2.983074188232422
1969 3.1526689529418945
1970 2.8197154998779297
1971 3.1086792945861816
1972 3.0597198009490967
1973 3.1116034984588623
1974 2.9368529319763184
1975 2.9217369556427
1976 3.0717406272888184
1977 3.1209068298339844
1978 3.0604231357574463
1979 3.032379388809204
1980 2.921586275100708
1981 2.9749937057495117
1982 3.0573580265045166
1983 2.919511318206787
1984 3.227400541305542
1985 2.9314486980438232
1986 3.003326177597046
1987 3.140655517578125
1988 2.732973575592041
1989 3.0432207584381104
1990 3.010059356689453
1991 3.0794739723205566
1992 2.9124014377593994
1993 2.9703023433685303
1994 2.8414456844329834
1995 2.715306282043457
1996 3.39898681640625
1997 3.0973000526428223
1998 2.849461078643799
1999 2.788574457168579
2000 2.714968681335449
2001 2.975980520248413
2002 2.8453807830810547
2003 2.9065473079681396
2004 2.91034197807312
2005 3.02370285987854
2006 3.2673089504241943
2007 3.032146692276001
2008 3.0220649242401123
2009 2.9624593257904053
2010 3.0164835453033447
2011 2.7505457401275635
2012 3.0856330394744873
2013 2.9031660556793213
2014 2.8500173091888428
2015 2.8818912506103516
2016 3.0254151821136475
2017 3.1627840995788574
2018 3.0301640033721924
2019 3.057997703552246
2020 2.6261706352233887
2021 3.0142953395843506
2022 2.987523078918457
2023 2.961351156234741
2024 3.356919050216675
2025 2.943694829940796
2026 2.9253501892089844
2027 2.910184860229492
2028 2.9206247329711914
2029 2.6654751300811768
2030 3.001289129257202
2031 3.1553497314453125
2032 3.105699062347412
2033 2.9367516040802
2034 2.9866669178009033
2035 2.94413685798645
2036 3.0507891178131104
2037 2.524153232574463
2038 2.853696584701538
2039 3.0605766773223877
2040 3.0798604488372803
2041 2.962742328643799
2042 2.919304132461548
2043 3.0872256755828857
2044 2.900902271270752
2045 3.062511682510376
2046 3.0515992641448975
2047 2.7001841068267822
2048 2.8569514751434326
2049 2.8739278316497803
2050 2.7454185485839844
2051 2.8439722061157227
2052 2.8369996547698975
2053 2.933765411376953
2054 2.7560744285583496
2055 2.9420201778411865
2056 2.893648862838745
2057 3.0079751014709473
2058 2.9345481395721436
2059 2.658339023590088
2060 2.612995147705078
2061 3.121242046356201
2062 2.987313747406006
2063 2.8023369312286377
2064 3.209050416946411
2065 2.9972100257873535
2066 2.8061397075653076
2067 2.841041088104248
2068 2.6529808044433594
2069 2.8945791721343994
2070 2.8724355697631836
2071 3.0240418910980225
2072 2.7395079135894775
2073 2.8987021446228027
2074 3.051814079284668
2075 3.0798287391662598
2076 2.786479949951172
2077 3.0005416870117188
2078 3.098877429962158
2079 2.9343581199645996
2080 3.150041341781616
2081 2.730968475341797
2082 2.707550048828125
2083 3.0657339096069336
2084 3.1059250831604004
2085 2.879648208618164
2086 2.9962148666381836
2087 2.997856616973877
2088 3.0192031860351562
2089 3.0209765434265137
2090 2.7646381855010986
2091 2.8009684085845947
2092 2.890578508377075
2093 2.913222074508667
2094 3.192007064819336
2095 2.6830995082855225
2096 3.290914535522461
2097 2.981541872024536
2098 2.9262032508850098
2099 2.775541305541992
2100 3.0741982460021973
2101 2.877310037612915
2102 3.0378575325012207
2103 2.772796154022217
2104 3.283613443374634
2105 2.8807153701782227
2106 2.5210580825805664
2107 3.1176092624664307
2108 2.9882540702819824
2109 2.97601056098938
2110 2.847982406616211
2111 2.828244924545288
2112 3.0360043048858643
2113 2.9012222290039062
2114 3.059009313583374
2115 2.9627845287323
2116 2.8027267456054688
2117 2.8403964042663574
2118 2.853243827819824
2119 3.044722080230713
2120 2.883528709411621
2121 2.8273937702178955
2122 3.014270782470703
2123 2.936575174331665
2124 3.017064094543457
2125 2.6540613174438477
2126 3.332584857940674
2127 2.9792351722717285
2128 2.753974199295044
2129 2.9764695167541504
2130 2.979245901107788
2131 2.89685320854187
2132 3.0271682739257812
2133 2.957000970840454
2134 2.9822211265563965
2135 2.84639048576355
2136 3.0324950218200684
2137 2.7993338108062744
2138 3.0787105560302734
2139 3.090233325958252
2140 2.890207529067993
2141 2.7910895347595215
2142 3.08453106880188
2143 2.6494481563568115
2144 2.945523500442505
2145 3.0067245960235596
2146 2.7825615406036377
2147 2.98455810546875
2148 2.8560495376586914
2149 2.847689151763916
2150 2.756223201751709
2151 3.0205109119415283
2152 2.9620461463928223
2153 3.081820249557495
2154 3.0513033866882324
2155 2.930046558380127
2156 2.9246950149536133
2157 2.901289224624634
2158 2.699777841567993
2159 2.6588997840881348
2160 2.836682081222534
2161 2.822782516479492
2162 3.1291117668151855
2163 3.204332113265991
2164 2.824402093887329
2165 2.9449076652526855
2166 2.923086166381836
2167 3.2851388454437256
2168 2.8401846885681152
2169 2.8634963035583496
2170 2.843998908996582
2171 2.9255213737487793
2172 2.819721221923828
2173 3.171980857849121
2174 2.8995087146759033
2175 2.9643101692199707
2176 2.8199379444122314
2177 3.0143184661865234
2178 2.811924934387207
2179 2.9740149974823
2180 3.0108139514923096
2181 2.7961785793304443
2182 2.7808215618133545
2183 2.8267908096313477
2184 2.788435459136963
2185 3.0943663120269775
2186 3.02887225151062
2187 3.0532867908477783
2188 3.052394151687622
2189 2.829533338546753
2190 2.8675079345703125
2191 2.59706974029541
2192 3.083446502685547
2193 2.8371644020080566
2194 2.763030529022217
2195 2.7021172046661377
2196 3.186431646347046
2197 2.748760938644409
2198 2.8013570308685303
2199 3.0438191890716553
2200 3.1046903133392334
2201 2.5837619304656982
2202 2.858757972717285
2203 2.8115720748901367
2204 2.8300137519836426
2205 3.1041951179504395
2206 2.6643564701080322
2207 2.9260921478271484
2208 2.9395389556884766
2209 3.00525164604187
2210 2.9563710689544678
2211 2.6252946853637695
2212 2.9155681133270264
2213 2.986546039581299
2214 2.9650511741638184
2215 2.862370014190674
2216 2.6024258136749268
2217 2.7556824684143066
2218 3.0725185871124268
2219 2.721414089202881
2220 2.82431960105896
2221 2.523852586746216
2222 2.544166326522827
2223 3.008417844772339
2224 2.81890606880188
2225 2.975315570831299
2226 2.9344305992126465
2227 3.0204577445983887
2228 3.033449411392212
2229 3.0250184535980225
2230 3.192221164703369
2231 2.8296666145324707
2232 2.6921138763427734
2233 2.8719496726989746
2234 2.641296625137329
2235 2.858659267425537
2236 2.9812252521514893
2237 2.9551756381988525
2238 3.0070316791534424
2239 2.8128061294555664
2240 2.580829381942749
2241 2.89017915725708
2242 2.737691879272461
2243 3.021052837371826
2244 2.797086715698242
2245 2.923813581466675
2246 3.1965508460998535
2247 2.8999245166778564
2248 2.74513840675354
2249 2.7136003971099854
2250 2.4425761699676514
2251 2.990753173828125
2252 2.932124376296997
2253 2.914074182510376
2254 2.7807915210723877
2255 2.5268166065216064
2256 2.9870188236236572
2257 2.8324952125549316
2258 2.8797762393951416
2259 2.9974887371063232
2260 3.0461602210998535
2261 3.077260971069336
2262 2.9267349243164062
2263 2.8282828330993652
2264 2.703441619873047
2265 2.8030526638031006
2266 2.8521616458892822
2267 2.7237679958343506
2268 2.8322842121124268
2269 2.76011323928833
2270 2.6493303775787354
2271 2.8145034313201904
2272 3.2461986541748047
2273 2.7641990184783936
2274 2.915440559387207
2275 2.9117233753204346
2276 2.6183247566223145
2277 3.168841600418091
2278 2.926185369491577
2279 2.9708571434020996
2280 3.137768507003784
2281 2.9083712100982666
2282 2.760939121246338
2283 3.1968348026275635
2284 2.839156150817871
2285 2.862295389175415
2286 2.9215126037597656
2287 2.7389397621154785
2288 2.6372225284576416
2289 2.760538339614868
2290 2.7746596336364746
2291 2.5758159160614014
2292 2.9636456966400146
2293 3.1733245849609375
2294 2.8270959854125977
2295 2.824855327606201
2296 2.8564229011535645
2297 2.8826675415039062
2298 2.945645809173584
2299 2.7282092571258545
2300 2.9524013996124268
2301 2.8762712478637695
2302 3.023362874984741
2303 2.9664840698242188
2304 2.8976664543151855
2305 2.7302746772766113
2306 2.908975124359131
2307 2.741619110107422
2308 2.7779152393341064
2309 2.8831915855407715
2310 2.844048261642456
2311 2.804666757583618
2312 2.950932741165161
2313 2.811494827270508
2314 2.7763612270355225
2315 2.9733223915100098
2316 2.847960948944092
2317 2.6327219009399414
2318 2.896883487701416
2319 2.749521493911743
2320 2.757430076599121
2321 2.743117094039917
2322 2.6360275745391846
2323 2.851189613342285
2324 3.1763556003570557
2325 2.926377534866333
2326 2.7707254886627197
2327 3.0249903202056885
2328 3.2051422595977783
2329 2.8269827365875244
2330 2.6777119636535645
2331 3.012540340423584
2332 2.8402113914489746
2333 2.8052895069122314
2334 2.8494503498077393
2335 2.7962214946746826
2336 2.7588348388671875
2337 3.0752596855163574
2338 2.7772469520568848
2339 2.7487523555755615
2340 2.7217423915863037
2341 2.9168968200683594
2342 2.913170099258423
2343 3.006051540374756
2344 2.8178863525390625
2345 2.801297903060913
2346 2.7301599979400635
2347 2.6453161239624023
2348 2.80646014213562
2349 2.667726755142212
2350 2.740447759628296
2351 2.792341470718384
2352 2.8582327365875244
2353 2.779381513595581
2354 2.8132498264312744
2355 2.9090073108673096
2356 2.9108099937438965
2357 2.8546714782714844
2358 2.954941749572754
2359 2.7050247192382812
2360 2.4976723194122314
2361 2.7583069801330566
2362 2.736762285232544
2363 2.797243356704712
2364 2.657755136489868
2365 2.8171730041503906
2366 2.9780943393707275
2367 2.7269415855407715
2368 2.72975754737854
2369 2.702798843383789
2370 2.675497531890869
2371 2.9585399627685547
2372 2.717712879180908
2373 2.807908535003662
2374 2.6250200271606445
2375 3.0489492416381836
2376 2.9386918544769287
2377 3.025763511657715
2378 2.910763740539551
2379 2.4242560863494873
2380 2.7903499603271484
2381 2.8513224124908447
2382 2.806957483291626
2383 2.9330031871795654
2384 2.9607980251312256
2385 2.9308342933654785
2386 2.6419997215270996
2387 2.9487860202789307
2388 2.7679529190063477
2389 2.7425384521484375
2390 2.7283031940460205
2391 2.97206449508667
2392 3.0078346729278564
2393 2.9505364894866943
2394 3.149301528930664
2395 2.8226585388183594
2396 2.612837076187134
2397 2.6972906589508057
2398 2.8146488666534424
2399 2.7938661575317383
2400 2.9201931953430176
2401 2.6997230052948
2402 2.823434591293335
2403 2.747328042984009
2404 3.131493330001831
2405 2.7448811531066895
2406 2.9045515060424805
2407 2.841212034225464
2408 2.8970022201538086
2409 2.988704204559326
2410 2.7503414154052734
2411 2.8609678745269775
2412 3.149791955947876
2413 2.991872787475586
2414 2.6542491912841797
2415 2.624420404434204
2416 2.5519802570343018
2417 2.71490216255188
2418 2.9528582096099854
2419 2.798743963241577
2420 2.7185909748077393
2421 2.955672025680542
2422 2.633485794067383
2423 2.8156046867370605
2424 2.9896180629730225
2425 2.681332588195801
2426 2.747049331665039
2427 2.8613343238830566
2428 2.9198782444000244
2429 2.4794814586639404
2430 2.570193290710449
2431 2.803530693054199
2432 2.877845525741577
2433 2.8214499950408936
2434 2.924325466156006
2435 2.853848457336426
2436 2.831956386566162
2437 2.6590707302093506
2438 2.667819023132324
2439 2.9300432205200195
2440 2.880702018737793
2441 2.8243823051452637
2442 2.9790992736816406
2443 2.6957013607025146
2444 2.5728418827056885
2445 2.8123295307159424
2446 2.9250869750976562
2447 2.9486019611358643
2448 2.9820172786712646
2449 2.818101644515991
2450 2.700105905532837
2451 2.690662384033203
2452 2.730393409729004
2453 3.0493900775909424
2454 2.8996777534484863
2455 2.5066704750061035
2456 2.759763717651367
2457 2.728947639465332
2458 2.34674072265625
2459 2.8493289947509766
2460 2.6232497692108154
2461 2.8215956687927246
2462 2.7776763439178467
2463 2.707227945327759
2464 2.8928732872009277
2465 2.62093448638916
2466 2.6301114559173584
2467 2.8326778411865234
2468 2.8104448318481445
2469 2.928696632385254
2470 2.6382882595062256
2471 2.8195812702178955
2472 2.732450485229492
2473 2.9262466430664062
2474 2.642122745513916
2475 2.9135096073150635
2476 2.874911069869995
2477 2.9414455890655518
2478 2.6566760540008545
2479 2.8095102310180664
2480 2.805224657058716
2481 2.632434368133545
2482 2.587263822555542
2483 2.8542211055755615
2484 2.801260471343994
2485 2.6041669845581055
2486 2.6789731979370117
2487 2.8018929958343506
2488 2.96012020111084
2489 3.104971170425415
2490 2.7917468547821045
2491 2.737525701522827
2492 2.9801180362701416
2493 2.646707057952881
2494 2.934357166290283
2495 2.6602065563201904
2496 2.6933741569519043
2497 2.785813093185425
2498 3.1518561840057373
2499 2.793318748474121
2500 2.9864847660064697
2501 2.6968190670013428
2502 3.022695779800415
2503 2.7411675453186035
2504 2.7285594940185547
2505 2.816615104675293
2506 2.6672165393829346
2507 2.747567892074585
2508 2.666339159011841
2509 2.8327019214630127
2510 2.915717124938965
2511 2.855891466140747
2512 2.842214822769165
2513 2.8216066360473633
2514 2.9444093704223633
2515 2.9254298210144043
2516 2.918691873550415
2517 2.7735838890075684
2518 2.803757905960083
2519 2.8027396202087402
2520 2.9415664672851562
2521 2.8928399085998535
2522 2.672029495239258
2523 2.790519952774048
2524 2.9695587158203125
2525 2.642582893371582
2526 2.709427833557129
2527 2.7759969234466553
2528 2.858241319656372
2529 2.390531539916992
2530 2.8198790550231934
2531 2.8697075843811035
2532 2.6149404048919678
2533 2.8436129093170166
2534 2.6555159091949463
2535 2.6826181411743164
2536 2.732550621032715
2537 2.5077097415924072
2538 2.614060163497925
2539 2.7635223865509033
2540 2.79598331451416
2541 2.772587537765503
2542 2.907693862915039
2543 2.627908945083618
2544 2.8848114013671875
2545 2.591865301132202
2546 2.6583383083343506
2547 2.6749396324157715
2548 2.693577527999878
2549 2.7740135192871094
2550 2.8241071701049805
2551 2.5831823348999023
2552 3.0725040435791016
2553 2.5477418899536133
2554 2.7860405445098877
2555 2.605733871459961
2556 2.663130760192871
2557 2.6446964740753174
2558 3.0078375339508057
2559 2.853065013885498
2560 2.8098156452178955
2561 2.667341709136963
2562 2.940629720687866
2563 2.671187400817871
2564 2.5798120498657227
2565 2.893484354019165
2566 2.7308194637298584
2567 2.7636542320251465
2568 2.6575934886932373
2569 2.5502543449401855
2570 2.7629542350769043
2571 2.9763760566711426
2572 3.0331602096557617
2573 3.0800507068634033
2574 2.5650949478149414
2575 2.7836170196533203
2576 2.565899610519409
2577 2.859926223754883
2578 2.456799268722534
2579 2.5781850814819336
2580 2.658895492553711
2581 2.8373658657073975
2582 2.854050636291504
2583 2.878443956375122
2584 2.7547683715820312
2585 2.942958354949951
2586 2.858489990234375
2587 2.6255297660827637
2588 2.748481035232544
2589 2.6000146865844727
2590 2.8506593704223633
2591 2.791259765625
2592 2.960482120513916
2593 2.924182891845703
2594 3.0715160369873047
2595 2.8067452907562256
2596 2.713745594024658
2597 2.494558572769165
2598 2.8633034229278564
2599 2.68342924118042
2600 2.963590383529663
2601 2.8534369468688965
2602 3.045847177505493
2603 2.5980677604675293
2604 2.8741614818573
2605 2.626847982406616
2606 2.8172852993011475
2607 2.822575330734253
2608 2.8234713077545166
2609 2.790050745010376
2610 2.6282217502593994
2611 3.1370348930358887
2612 2.720858097076416
2613 2.8343241214752197
2614 2.898202419281006
2615 2.440432548522949
2616 2.713188409805298
2617 2.642025947570801
2618 2.619541645050049
2619 2.6780037879943848
2620 2.9293456077575684
2621 2.6040213108062744
2622 2.5230469703674316
2623 2.6423699855804443
2624 2.6866648197174072
2625 2.6943812370300293
2626 2.5405759811401367
2627 2.7253594398498535
2628 2.658267021179199
2629 2.739748954772949
2630 3.212406635284424
2631 2.753666400909424
2632 2.7379038333892822
2633 2.3850059509277344
2634 2.6127548217773438
2635 2.6667752265930176
2636 2.945767641067505
2637 2.5845000743865967
2638 2.9179458618164062
2639 2.779834508895874
2640 2.5451128482818604
2641 2.7928645610809326
2642 2.729775905609131
2643 2.6280853748321533
2644 3.0185842514038086
2645 2.5659804344177246
2646 2.689511299133301
2647 2.8230791091918945
2648 3.002715587615967
2649 2.790428400039673
2650 3.054197311401367
2651 2.8150339126586914
2652 2.77603816986084
2653 2.683131694793701
2654 2.6884243488311768
2655 2.7714974880218506
2656 2.779446601867676
2657 2.697786569595337
2658 2.7497169971466064
2659 2.938833475112915
2660 2.594221830368042
2661 2.6524057388305664
2662 2.881948471069336
2663 2.712364912033081
2664 2.5876665115356445
2665 2.662578821182251
2666 2.8534951210021973
2667 2.9214284420013428
2668 2.795576572418213
2669 2.6480720043182373
2670 2.6929051876068115
2671 2.5376696586608887
2672 2.584210157394409
2673 2.6690495014190674
2674 2.7465648651123047
2675 2.887176513671875
2676 2.81398868560791
2677 2.5557847023010254
2678 2.634945869445801
2679 2.7238118648529053
2680 2.649656057357788
2681 2.6537699699401855
2682 2.895691394805908
2683 2.7582387924194336
2684 2.618752956390381
2685 2.6286654472351074
2686 2.791771173477173
2687 2.8041679859161377
2688 2.987957000732422
2689 3.0260701179504395
2690 2.6073408126831055
2691 2.7006771564483643
2692 2.6242098808288574
2693 2.65225887298584
2694 2.852858304977417
2695 2.292341947555542
2696 2.6600234508514404
2697 2.796989679336548
2698 2.7670462131500244
2699 2.714524269104004
2700 2.718731641769409
2701 2.670731544494629
2702 2.467156171798706
2703 2.8753626346588135
2704 2.993196964263916
2705 2.7635409832000732
2706 2.9447553157806396
2707 2.7702183723449707
2708 2.8145837783813477
2709 2.763223171234131
2710 2.7137229442596436
2711 2.4667954444885254
2712 2.906939744949341
2713 2.7079567909240723
2714 2.438884735107422
2715 2.550509452819824
2716 2.685051202774048
2717 2.700714349746704
2718 2.3879640102386475
2719 2.6482298374176025
2720 2.5087637901306152
2721 3.042635917663574
2722 2.883366107940674
2723 2.6990108489990234
2724 2.730863571166992
2725 2.8830313682556152
2726 2.6266517639160156
2727 2.718578338623047
2728 2.5973267555236816
2729 2.786620616912842
2730 2.6196024417877197
2731 2.883385419845581
2732 2.749229907989502
2733 2.6160407066345215
2734 2.6505637168884277
2735 2.8352484703063965
2736 2.8899998664855957
2737 2.562223196029663
2738 2.590651035308838
2739 2.7030463218688965
2740 2.9265975952148438
2741 2.862886667251587
2742 2.783310651779175
2743 2.8587746620178223
2744 2.629927158355713
2745 2.6066877841949463
2746 2.562260389328003
2747 2.8014299869537354
2748 2.4712469577789307
2749 3.0577335357666016
2750 2.371267795562744
2751 2.835163116455078
2752 2.6222829818725586
2753 2.617246389389038
2754 2.6936709880828857
2755 2.7759056091308594
2756 2.909294366836548
2757 2.9052388668060303
2758 2.8044824600219727
2759 2.716989040374756
2760 2.667512893676758
2761 2.783703088760376
2762 2.687572479248047
2763 2.683668375015259
2764 2.676762580871582
2765 2.8002395629882812
2766 2.752289056777954
2767 2.796504497528076
2768 2.694319486618042
2769 2.7663352489471436
2770 2.7122652530670166
2771 2.5540120601654053
2772 2.431917905807495
2773 2.6698896884918213
2774 2.876159906387329
2775 2.7301652431488037
2776 2.61238431930542
2777 2.668811082839966
2778 2.6449851989746094
2779 2.7626142501831055
2780 2.737713575363159
2781 2.5587635040283203
2782 2.7147908210754395
2783 2.765169620513916
2784 2.8222153186798096
2785 2.7683677673339844
2786 2.8039066791534424
2787 2.5960679054260254
2788 2.6379430294036865
2789 2.807546615600586
2790 2.5298209190368652
2791 2.6802926063537598
2792 2.811180591583252
2793 2.6719181537628174
2794 2.562380313873291
2795 2.5465052127838135
2796 2.5996196269989014
2797 2.5298802852630615
2798 2.735285520553589
2799 2.669235944747925
2800 2.680525779724121
2801 2.986783027648926
2802 2.7303295135498047
2803 2.6930599212646484
2804 2.586632490158081
2805 2.4519503116607666
2806 2.4813406467437744
2807 2.641657590866089
2808 2.609835147857666
2809 2.6097729206085205
2810 2.52912974357605
2811 2.460325002670288
2812 2.8781728744506836
2813 2.581376552581787
2814 2.5727884769439697
2815 2.6655712127685547
2816 2.6554982662200928
2817 2.5810625553131104
2818 2.629574775695801
2819 2.8891875743865967
2820 2.6380200386047363
2821 2.7681806087493896
2822 2.9535858631134033
2823 2.7176225185394287
2824 2.583946704864502
2825 2.5057590007781982
2826 2.9076955318450928
2827 2.561885118484497
2828 2.4885990619659424
2829 2.607619047164917
2830 2.6984217166900635
2831 2.5610744953155518
2832 2.8457579612731934
2833 2.848689556121826
2834 2.6996469497680664
2835 2.6344125270843506
2836 2.940218210220337
2837 2.7241809368133545
2838 2.9029958248138428
2839 2.6442434787750244
2840 2.496407985687256
2841 2.674424409866333
2842 3.0484511852264404
2843 2.8245887756347656
2844 2.756279945373535
2845 2.6609561443328857
2846 2.4276669025421143
2847 2.6346566677093506
2848 2.5682458877563477
2849 2.6854190826416016
2850 2.7282354831695557
2851 2.867833375930786
2852 2.5123748779296875
2853 2.6474575996398926
2854 2.7956292629241943
2855 2.5137767791748047
2856 2.922902822494507
2857 2.8426129817962646
2858 2.7796225547790527
2859 2.6850924491882324
2860 2.6187822818756104
2861 2.862665891647339
2862 2.8263096809387207
2863 2.6068763732910156
2864 2.5196526050567627
2865 2.889951229095459
2866 2.7398345470428467
2867 2.6557507514953613
2868 2.6518311500549316
2869 2.7141804695129395
2870 2.542546033859253
2871 2.8132781982421875
2872 2.932608127593994
2873 2.790623903274536
2874 2.47853422164917
2875 2.839036464691162
2876 2.813103675842285
2877 2.720872402191162
2878 2.4293551445007324
2879 2.6252260208129883
2880 2.693484306335449
2881 2.6540114879608154
2882 2.800300359725952
2883 2.569896936416626
2884 2.8596975803375244
2885 2.6063179969787598
2886 2.684521198272705
2887 2.4056546688079834
2888 2.5278406143188477
2889 2.7451331615448
2890 2.5202231407165527
2891 2.8822507858276367
2892 2.9082164764404297
2893 2.734293222427368
2894 2.572413444519043
2895 2.437255620956421
2896 2.737523078918457
2897 2.5333311557769775
2898 2.6901016235351562
2899 2.427809238433838
2900 2.187382698059082
2901 2.6572136878967285
2902 2.8491082191467285
2903 2.482314109802246
2904 2.645195722579956
2905 2.9553580284118652
2906 2.892225980758667
2907 2.714751720428467
2908 2.5814852714538574
2909 2.635810375213623
2910 2.448835849761963
2911 2.4705402851104736
2912 2.283734083175659
2913 2.5829896926879883
2914 2.459505319595337
2915 2.668555736541748
2916 2.5090279579162598
2917 2.566141128540039
2918 2.6136975288391113
2919 2.5948243141174316
2920 2.7303850650787354
2921 2.4745757579803467
2922 2.8571858406066895
2923 2.561173677444458
2924 3.0038013458251953
2925 2.7340450286865234
2926 2.6328630447387695
2927 2.568486452102661
2928 2.5654330253601074
2929 2.762967109680176
2930 2.734227418899536
2931 2.9060792922973633
2932 2.6151254177093506
2933 2.442103862762451
2934 2.7826626300811768
2935 2.6201460361480713
2936 2.9598114490509033
2937 2.4811065196990967
2938 2.533379077911377
2939 2.6667091846466064
2940 2.6636438369750977
2941 2.7772741317749023
2942 2.5768487453460693
2943 2.62819766998291
2944 2.5608789920806885
2945 2.4649391174316406
2946 2.714707374572754
2947 2.7010200023651123
2948 2.68458890914917
2949 2.521688222885132
2950 2.658108949661255
2951 2.313023805618286
2952 2.654707193374634
2953 2.5098671913146973
2954 2.607419490814209
2955 2.859163284301758
2956 2.725032329559326
2957 2.5113837718963623
2958 2.5431790351867676
2959 2.856693983078003
2960 2.697066307067871
2961 2.292552947998047
2962 2.6722726821899414
2963 2.7159883975982666
2964 2.3571889400482178
2965 2.7821624279022217
2966 2.6245930194854736
2967 2.6963539123535156
2968 2.7361185550689697
2969 2.660022735595703
2970 2.602158308029175
2971 2.715386390686035
2972 2.749816656112671
2973 2.665879487991333
2974 2.3819777965545654
2975 2.4251253604888916
2976 2.500640869140625
2977 2.5315072536468506
2978 2.6384711265563965
2979 2.52555251121521
2980 2.939085006713867
2981 2.5378036499023438
2982 2.551433563232422
2983 2.5268707275390625
2984 2.735807180404663
2985 2.623276472091675
2986 2.8551185131073
2987 2.8961989879608154
2988 2.8145744800567627
2989 2.7435483932495117
2990 2.58705997467041
2991 2.6192538738250732
2992 2.858966112136841
2993 2.74483585357666
2994 2.6131694316864014
2995 2.418560743331909
2996 2.6415398120880127
2997 2.748642683029175
2998 2.793386459350586
2999 2.640695333480835
0 9.444936752319336
300 4.235771179199219
600 3.6450650691986084
900 3.3815011978149414
1200 3.1183013916015625
1500 2.94858717918396
1800 2.7811639308929443
2100 2.669581174850464
2400 2.558504819869995
2700 2.4437949657440186
2999 2.3558130264282227
0 9.42143726348877
300 4.92847204208374
600 4.672130107879639
900 4.600908279418945
1200 4.4592156410217285
1500 4.555483818054199
1800 4.495584487915039
2100 4.5373992919921875
2400 4.57612419128418
2700 4.595707416534424
2999 4.526793479919434
