TIME STEP LOSS
0 13.730782508850098
1 9.583544731140137
2 7.016964912414551
3 5.347473621368408
4 4.442983150482178
5 4.562600612640381
6 4.3740949630737305
7 3.707589864730835
8 3.3976030349731445
9 3.100040912628174
10 2.9336252212524414
11 2.9928925037384033
12 2.867785692214966
13 2.6058309078216553
14 2.1986396312713623
15 2.1614880561828613
16 2.166262626647949
17 2.10597562789917
18 2.15794038772583
19 1.9459925889968872
20 1.8370566368103027
21 1.8092070817947388
22 1.608946442604065
23 1.6510125398635864
24 1.5579320192337036
25 1.4666717052459717
26 1.4982926845550537
27 1.427516222000122
28 1.483524203300476
29 1.510555386543274
30 1.4595643281936646
31 1.3720993995666504
32 1.3757284879684448
33 1.3477413654327393
34 1.3291066884994507
35 1.2870975732803345
36 1.3305915594100952
37 1.273491382598877
38 1.2221688032150269
39 1.2243369817733765
40 1.1668466329574585
41 1.1388038396835327
42 1.2160409688949585
43 1.1666358709335327
44 1.1356778144836426
45 1.224718451499939
46 1.137068748474121
47 1.166905164718628
48 1.0895249843597412
49 1.1786030530929565
50 1.1425013542175293
51 1.124316930770874
52 1.0866347551345825
53 1.079703688621521
54 1.053106427192688
55 1.0833542346954346
56 1.0498281717300415
57 1.1282035112380981
58 1.0966136455535889
59 1.0257667303085327
60 1.0773367881774902
61 1.0735249519348145
62 1.06582510471344
63 1.028770923614502
64 1.1102097034454346
65 1.0153154134750366
66 0.9762299060821533
67 1.0485974550247192
68 1.010243535041809
69 0.9945523142814636
70 1.0205433368682861
71 1.002822756767273
72 0.9978624582290649
73 0.9672091603279114
74 0.9643418192863464
75 0.9844074845314026
76 0.9986284375190735
77 0.9382851123809814
78 0.996158242225647
79 0.9396899342536926
80 0.9546430110931396
81 0.962247371673584
82 0.9458723664283752
83 0.9568679928779602
84 0.9948115944862366
85 0.9990880489349365
86 0.8969592452049255
87 0.9813528060913086
88 0.9441067576408386
89 0.9537353515625
90 0.9094648957252502
91 0.9515684843063354
92 0.9434574246406555
93 0.9437367916107178
94 0.9980198740959167
95 0.9339276552200317
96 0.9505020380020142
97 0.9634539484977722
98 1.0308880805969238
99 0.9567574858665466
100 0.9378262162208557
101 0.9335399270057678
102 0.8812795877456665
103 0.9030855298042297
104 0.9647924304008484
105 0.9304814338684082
106 0.8888259530067444
107 0.93328458070755
108 0.9032328128814697
109 0.9013010263442993
110 0.8892747163772583
111 0.8612201809883118
112 0.8517265319824219
113 0.885367751121521
114 0.9713712930679321
115 0.8803955912590027
116 0.8930181860923767
117 0.9618328213691711
118 0.9176734089851379
119 0.8680739998817444
120 0.9216737151145935
121 0.8833283185958862
122 0.9018086791038513
123 0.901922345161438
124 0.8710355758666992
125 0.8455124497413635
126 0.9279119372367859
127 0.777170717716217
128 0.9000909924507141
129 0.8895230889320374
130 0.8548631072044373
131 0.8831708431243896
132 0.9386743903160095
133 0.896858274936676
134 0.8875439763069153
135 0.8054883480072021
136 0.8100597262382507
137 0.856674075126648
138 0.8204755187034607
139 0.8236281275749207
140 0.8900681138038635
141 0.8454549908638
142 0.8137470483779907
143 0.8015689849853516
144 0.8277669548988342
145 0.8997858762741089
146 0.8623974919319153
147 0.8314297795295715
148 0.8650679588317871
149 0.8706214427947998
150 0.8119444251060486
151 0.8584638237953186
152 0.8109281659126282
153 0.7950645685195923
154 0.817647397518158
155 0.8145970702171326
156 0.7972027063369751
157 0.8474386930465698
158 0.8040516376495361
159 0.8270944952964783
160 0.8106136918067932
161 0.7927946448326111
162 0.7614626288414001
163 0.812048077583313
164 0.8120329976081848
165 0.8212022185325623
166 0.7684145569801331
167 0.8285667896270752
168 0.7949795722961426
169 0.8006531596183777
170 0.8602916598320007
171 0.806468665599823
172 0.8134024739265442
173 0.7875189185142517
174 0.7994028925895691
175 0.841900110244751
176 0.7620700001716614
177 0.7819079160690308
178 0.8095659613609314
179 0.784856915473938
180 0.8160324692726135
181 0.8261914253234863
182 0.7645799517631531
183 0.7844469547271729
184 0.7924848198890686
185 0.7121583223342896
186 0.7833356261253357
187 0.7828918695449829
188 0.756867527961731
189 0.7342385053634644
190 0.7761499285697937
191 0.723121702671051
192 0.7523407340049744
193 0.7763139605522156
194 0.7618554830551147
195 0.7643006443977356
196 0.7203942537307739
197 0.7667489051818848
198 0.7692340612411499
199 0.7238650918006897
MEAN TRAIN LOSS
0 9.367603302001953
50 0.9821909070014954
100 0.8027927875518799
150 0.7393243312835693
199 0.6761533617973328
MEAN VAL LOSS
0 9.333677291870117
50 0.9579533934593201
100 0.8130502700805664
150 0.7345455288887024
199 0.6663632988929749
