TIME STEP LOSS
0 8.473633766174316
1 7.156407356262207
2 5.920806407928467
3 4.9962358474731445
4 4.650849342346191
5 4.554524898529053
6 4.174424648284912
7 3.766826868057251
8 3.129169225692749
9 2.7857391834259033
10 2.7991466522216797
11 2.851071834564209
12 2.8256149291992188
13 2.5255625247955322
14 2.298677444458008
15 2.010359764099121
16 2.0139026641845703
17 1.9879658222198486
18 1.897607445716858
19 1.9282429218292236
20 1.7887545824050903
21 1.6385432481765747
22 1.6624059677124023
23 1.6646384000778198
24 1.5967180728912354
25 1.6066250801086426
26 1.6558936834335327
27 1.4931914806365967
28 1.4930270910263062
29 1.4705537557601929
30 1.3412643671035767
31 1.446266531944275
32 1.3947299718856812
33 1.3665262460708618
34 1.338555932044983
35 1.3085016012191772
36 1.3715890645980835
37 1.2695345878601074
38 1.3054600954055786
39 1.291871190071106
40 1.235015630722046
41 1.2204890251159668
42 1.2337616682052612
43 1.1958677768707275
44 1.1882365942001343
45 1.2066640853881836
46 1.1610232591629028
47 1.1757731437683105
48 1.1600364446640015
49 1.1297097206115723
50 1.1829396486282349
MEAN TRAIN LOSS
0 6.823376178741455
50 1.0109490156173706
MEAN VAL LOSS
0 6.815770626068115
50 0.9992147088050842
