TIME STEP LOSS
0 8.390495300292969
1 7.2299041748046875
2 5.801067352294922
3 5.056279182434082
4 4.300503253936768
5 4.280231952667236
6 4.3709306716918945
7 4.076634407043457
8 3.5171236991882324
9 3.0134854316711426
10 2.8223323822021484
11 2.602222442626953
12 2.6195645332336426
13 2.710395097732544
14 2.500140905380249
15 2.2731246948242188
16 2.2271649837493896
17 2.0944392681121826
18 1.9593069553375244
19 1.9802507162094116
20 1.9145311117172241
21 1.8743029832839966
22 1.7119277715682983
23 1.6818572282791138
24 1.6271742582321167
25 1.5184810161590576
26 1.6134729385375977
27 1.6616673469543457
28 1.4655191898345947
29 1.4447340965270996
30 1.38896644115448
31 1.4525151252746582
32 1.4204906225204468
33 1.4217578172683716
34 1.4301880598068237
35 1.3617949485778809
36 1.3820685148239136
37 1.341649055480957
38 1.3392115831375122
39 1.278563141822815
40 1.2580811977386475
41 1.3002793788909912
42 1.2720187902450562
43 1.208173394203186
44 1.3014758825302124
45 1.2121275663375854
46 1.1968154907226562
47 1.1686371564865112
48 1.2285106182098389
49 1.198939561843872
50 1.2279224395751953
51 1.2366455793380737
52 1.149610161781311
53 1.1024938821792603
54 1.1780891418457031
55 1.1393046379089355
56 1.1401115655899048
57 1.1231441497802734
58 1.200787901878357
59 1.168775200843811
60 1.1500749588012695
61 1.0940556526184082
62 1.0818310976028442
63 1.1129592657089233
64 1.1085036993026733
65 1.1410666704177856
66 1.156338095664978
67 1.098536729812622
68 1.0721181631088257
69 1.163273811340332
70 1.0774359703063965
71 1.135022521018982
72 1.0605543851852417
73 1.0477527379989624
74 1.0645203590393066
75 1.1150401830673218
76 1.0279465913772583
77 1.0545177459716797
78 1.05443274974823
79 1.0372551679611206
80 1.0849006175994873
81 1.042152762413025
82 1.0296285152435303
83 0.9604771137237549
84 1.0252244472503662
85 1.0351991653442383
86 0.9857507348060608
87 0.9833478331565857
88 1.0101609230041504
89 1.0535082817077637
90 1.0630682706832886
91 1.0326765775680542
92 1.009153127670288
93 1.0067150592803955
94 0.966616690158844
95 1.020735502243042
96 0.9944190979003906
97 1.0107353925704956
98 1.0190284252166748
99 0.9946483969688416
100 0.9895995855331421
101 0.9902576208114624
102 0.9787663221359253
103 1.0275994539260864
104 0.9084994196891785
105 1.022171974182129
106 0.9547183513641357
107 0.9737766981124878
108 0.9801926016807556
109 0.9202003479003906
110 0.9398209452629089
111 0.9503072500228882
112 1.0002440214157104
113 0.994423508644104
114 0.9634014368057251
115 0.9672644138336182
116 0.8970078229904175
117 0.9508821964263916
118 0.9432257413864136
119 0.9166953563690186
120 0.9977734088897705
121 0.9520515203475952
122 0.98128741979599
123 0.9283589720726013
124 0.9470553398132324
125 0.9430100321769714
126 0.9015436172485352
127 0.9468159675598145
128 0.9425665140151978
129 0.8706032633781433
130 0.8889271020889282
131 0.8850572109222412
132 0.9053868055343628
133 0.8585098385810852
134 0.9248255491256714
135 0.9345932006835938
136 0.8874498009681702
137 0.8984038829803467
138 0.9254928231239319
139 0.8914415240287781
140 0.9178394079208374
141 0.9352465867996216
142 0.8913883566856384
143 0.8430887460708618
144 0.914793848991394
145 0.8775011897087097
146 0.8938236832618713
147 0.9679704308509827
148 0.8669286370277405
149 0.857477068901062
150 0.8723152875900269
151 0.8814583420753479
152 0.8555670380592346
153 0.884483814239502
154 0.955380380153656
155 0.8606894016265869
156 0.9160534143447876
157 0.8506942987442017
158 0.8998012542724609
159 0.8900659680366516
160 0.9023030400276184
161 0.8879830241203308
162 0.8604645729064941
163 0.8652219772338867
164 0.9068784713745117
165 0.8850480914115906
166 0.8630755543708801
167 0.824734628200531
168 0.8811575770378113
169 0.8666336536407471
170 0.8930050134658813
171 0.8887606263160706
172 0.8545600175857544
173 0.8373463153839111
174 0.9334478378295898
175 0.8135659694671631
176 0.8982541561126709
177 0.8715901970863342
178 0.8169370293617249
179 0.8372086882591248
180 0.8589479327201843
181 0.8377460241317749
182 0.8990311026573181
183 0.8889626264572144
184 0.8314895033836365
185 0.8355163931846619
186 0.8961991667747498
187 0.851413369178772
188 0.880813717842102
189 0.8671130537986755
190 0.848942220211029
191 0.8288439512252808
192 0.8473847508430481
193 0.8444680571556091
194 0.8196989297866821
195 0.8676310181617737
196 0.8661302328109741
197 0.812150776386261
198 0.885538637638092
199 0.8401985168457031
200 0.8525620102882385
201 0.8742683529853821
202 0.8075954914093018
203 0.865431547164917
204 0.8206402063369751
205 0.888809323310852
206 0.8553261756896973
207 0.8567516803741455
208 0.8332781195640564
209 0.8081652522087097
210 0.8263930678367615
211 0.8797484636306763
212 0.8375083208084106
213 0.8085024952888489
214 0.8306980729103088
215 0.7795853614807129
216 0.8251173496246338
217 0.8691952228546143
218 0.8467286825180054
219 0.8198416829109192
220 0.7980049848556519
221 0.8214719295501709
222 0.8634743094444275
223 0.836039125919342
224 0.8191832900047302
225 0.8569236993789673
226 0.8070438504219055
227 0.7878872752189636
228 0.7962523698806763
229 0.8165906071662903
230 0.8311505317687988
231 0.8003835082054138
232 0.7985063195228577
233 0.8136609196662903
234 0.7925235629081726
235 0.7830247282981873
236 0.8231029510498047
237 0.7269166707992554
238 0.7265267968177795
239 0.8217944502830505
240 0.8419699668884277
241 0.7885229587554932
242 0.8226911425590515
243 0.7694830894470215
244 0.8258302807807922
245 0.7860601544380188
246 0.8158707618713379
247 0.7593547701835632
248 0.8183019757270813
249 0.7650997042655945
250 0.8429418802261353
251 0.776663601398468
252 0.8271703124046326
253 0.7765283584594727
254 0.7294154763221741
255 0.7895253896713257
256 0.7916789054870605
257 0.8020117282867432
258 0.7762749791145325
259 0.7986117005348206
260 0.7383837103843689
261 0.8427877426147461
262 0.8118683695793152
263 0.7807440757751465
264 0.7429500818252563
265 0.7859744429588318
266 0.8428229093551636
267 0.7961621880531311
268 0.821244478225708
269 0.7796535491943359
270 0.80147385597229
271 0.7740226984024048
272 0.7952523231506348
273 0.7703682780265808
274 0.8015434145927429
275 0.7980336546897888
276 0.7490484714508057
277 0.7704316973686218
278 0.7982260584831238
279 0.8081941604614258
280 0.8392907381057739
281 0.8112114667892456
282 0.8723968863487244
283 0.762064516544342
284 0.7493444681167603
285 0.7865665555000305
286 0.7974473237991333
287 0.7869104146957397
288 0.7373753190040588
289 0.7856553792953491
290 0.7607641220092773
291 0.7294254302978516
292 0.7697978019714355
293 0.7962543964385986
294 0.7900435924530029
295 0.7539882063865662
296 0.8401777148246765
297 0.8327886462211609
298 0.7832280397415161
299 0.7954572439193726
300 0.8405106663703918
301 0.8080377578735352
302 0.8104860782623291
303 0.7190581560134888
304 0.7898033261299133
305 0.7097018361091614
306 0.7857354879379272
307 0.7382023334503174
308 0.7828977108001709
309 0.7298046350479126
310 0.7836102843284607
311 0.7369080781936646
312 0.7946321964263916
313 0.7764739990234375
314 0.7415096759796143
315 0.8107820153236389
316 0.7522335648536682
317 0.7547110319137573
318 0.7572824954986572
319 0.8440284729003906
320 0.7524048089981079
321 0.7687332630157471
322 0.7762898802757263
323 0.7908433675765991
324 0.735926628112793
325 0.7513236999511719
326 0.7746484875679016
327 0.7591169476509094
328 0.7625944018363953
329 0.767166793346405
330 0.7643303275108337
331 0.7998150587081909
332 0.722783088684082
333 0.7330496907234192
334 0.6773278117179871
335 0.7368665337562561
336 0.6988651752471924
337 0.7492766380310059
338 0.7626374959945679
339 0.7197162508964539
340 0.7968804240226746
341 0.7504188418388367
342 0.7558712959289551
343 0.6605371832847595
344 0.7568995952606201
345 0.7387981414794922
346 0.6733001470565796
347 0.6976048350334167
348 0.8348670601844788
349 0.7186616063117981
350 0.7838481664657593
351 0.7732154726982117
352 0.6795435547828674
353 0.7350577116012573
354 0.7487050294876099
355 0.7822147011756897
356 0.7413398027420044
357 0.713657796382904
358 0.6921525597572327
359 0.7717140913009644
360 0.7311558127403259
361 0.7627986669540405
362 0.7493715286254883
363 0.7485005259513855
364 0.765535831451416
365 0.7610390186309814
366 0.7750285863876343
367 0.7408109307289124
368 0.7747827768325806
369 0.7229699492454529
370 0.7223439812660217
371 0.784363865852356
372 0.6891883015632629
373 0.7130943536758423
374 0.695860743522644
375 0.7790676355361938
376 0.7513642907142639
377 0.7423242926597595
378 0.678758442401886
379 0.7371581792831421
380 0.7388929724693298
381 0.7172041535377502
382 0.6553537249565125
383 0.7043991684913635
384 0.6769487857818604
385 0.7194026112556458
386 0.6644828915596008
387 0.7627678513526917
388 0.7657654881477356
389 0.7338597774505615
390 0.7758687138557434
391 0.7069586515426636
392 0.6974166035652161
393 0.7143549919128418
394 0.7322250604629517
395 0.6973037719726562
396 0.6625702381134033
397 0.7319445013999939
398 0.6994019150733948
399 0.7700468897819519
400 0.7427321076393127
401 0.6651852130889893
402 0.7568135857582092
403 0.7203983664512634
404 0.7608011364936829
405 0.7288351655006409
406 0.7328557968139648
407 0.7648554444313049
408 0.7212058305740356
409 0.7502498626708984
410 0.7126927971839905
411 0.7266302704811096
412 0.6991880536079407
413 0.7414931654930115
414 0.7396629452705383
415 0.7009324431419373
416 0.7563791275024414
417 0.7065403461456299
418 0.7501405477523804
419 0.6827800869941711
420 0.7200584411621094
421 0.8115423321723938
422 0.7484369277954102
423 0.698719322681427
424 0.6854797005653381
425 0.680886447429657
426 0.6915664076805115
427 0.7428867816925049
428 0.7552840709686279
429 0.6793894171714783
430 0.7439526915550232
431 0.6939101815223694
432 0.7112048864364624
433 0.6388413310050964
434 0.6890755891799927
435 0.6714430451393127
436 0.6574608683586121
437 0.6469587087631226
438 0.6855175495147705
439 0.6664997935295105
440 0.6910635828971863
441 0.6757209300994873
442 0.6921420097351074
443 0.7476336359977722
444 0.7988184094429016
445 0.7192193865776062
446 0.6792497038841248
447 0.7087846994400024
448 0.6626062989234924
449 0.645022451877594
450 0.649800181388855
451 0.6573324799537659
452 0.6991361379623413
453 0.7378872632980347
454 0.7288392782211304
455 0.712074339389801
456 0.6025927066802979
457 0.6279911994934082
458 0.6627702713012695
459 0.7549660801887512
460 0.6615812182426453
461 0.6728151440620422
462 0.7364078760147095
463 0.6944965720176697
464 0.6965104937553406
465 0.7131268382072449
466 0.7454311847686768
467 0.7142626643180847
468 0.6503793597221375
469 0.6817759275436401
470 0.703628420829773
471 0.7112342119216919
472 0.68165522813797
473 0.7434449791908264
474 0.6613366603851318
475 0.6751508116722107
476 0.7132182717323303
477 0.7298123240470886
478 0.6611254215240479
479 0.675510048866272
480 0.6676706075668335
481 0.6615096926689148
482 0.6194232106208801
483 0.6909373998641968
484 0.6874307990074158
485 0.6857067346572876
486 0.725128173828125
487 0.7234419584274292
488 0.6891598105430603
489 0.7322016954421997
490 0.7544708251953125
491 0.6521995067596436
492 0.7349044680595398
493 0.6898863315582275
494 0.7444887757301331
495 0.6529114246368408
496 0.6335315108299255
497 0.6911135911941528
498 0.6796426177024841
499 0.5917375683784485
500 0.6775243878364563
501 0.7257910370826721
502 0.6673201322555542
503 0.692139208316803
504 0.6726375818252563
505 0.6180118322372437
506 0.6722629070281982
507 0.680744469165802
508 0.7173667550086975
509 0.6700608134269714
510 0.6284200549125671
511 0.6586594581604004
512 0.6669945120811462
513 0.7313411831855774
514 0.6965369582176208
515 0.655383288860321
516 0.6945480704307556
517 0.6880080699920654
518 0.6762142181396484
519 0.7553724050521851
520 0.6903113126754761
521 0.6827545762062073
522 0.6237389445304871
523 0.6116006374359131
524 0.6466734409332275
525 0.6549951434135437
526 0.7127152681350708
527 0.683081865310669
528 0.6552122831344604
529 0.6725355982780457
530 0.6748417615890503
531 0.7324478030204773
532 0.73796147108078
533 0.7028164267539978
534 0.6474311947822571
535 0.6244685649871826
536 0.6002814173698425
537 0.630203127861023
538 0.6788649559020996
539 0.6282667517662048
540 0.6536310911178589
541 0.65400630235672
542 0.6654040217399597
543 0.7056138515472412
544 0.6666508316993713
545 0.7336040139198303
546 0.6782351732254028
547 0.7009041905403137
548 0.7532842755317688
549 0.6308865547180176
550 0.6882112622261047
551 0.6414422988891602
552 0.682252824306488
553 0.6606801748275757
554 0.6667640805244446
555 0.7104427218437195
556 0.6722633242607117
557 0.6754721403121948
558 0.6514083743095398
559 0.6681133508682251
560 0.6240401268005371
561 0.669865608215332
562 0.6276131868362427
563 0.6914973258972168
564 0.7274637222290039
565 0.7466402053833008
566 0.6066260933876038
567 0.6500186324119568
568 0.7056575417518616
569 0.6838500499725342
570 0.6995259523391724
571 0.659787654876709
572 0.6551697254180908
573 0.5746598839759827
574 0.6728861331939697
575 0.655418336391449
576 0.6878460645675659
577 0.6201367378234863
578 0.6343609690666199
579 0.6239122748374939
580 0.7025885581970215
581 0.6797096133232117
582 0.6451737880706787
583 0.6213377118110657
584 0.6737321019172668
585 0.6579515933990479
586 0.6773136854171753
587 0.5971601009368896
588 0.6813966035842896
589 0.6572718620300293
590 0.6574473977088928
591 0.6701369285583496
592 0.6634164452552795
593 0.6394604444503784
594 0.638486921787262
595 0.6329119205474854
596 0.6559738516807556
597 0.6236720681190491
598 0.6400275826454163
599 0.642059862613678
600 0.6965118050575256
MEAN TRAIN LOSS
0 6.888365745544434
50 1.0405327081680298
100 0.8662947416305542
150 0.7901299595832825
200 0.7350706458091736
250 0.7093137502670288
300 0.6808165311813354
350 0.656039297580719
400 0.6445283889770508
450 0.6202982068061829
500 0.6022483706474304
550 0.5895466208457947
600 0.5775998830795288
MEAN VAL LOSS
0 6.867685794830322
50 1.0354158878326416
100 0.8587053418159485
150 0.7836675643920898
200 0.7336586117744446
250 0.7033243775367737
300 0.6845681071281433
350 0.6473876237869263
400 0.6450374126434326
450 0.614369809627533
500 0.6043740510940552
550 0.5999351143836975
600 0.5571908950805664
