TIME STEP LOSS
0 8.081308364868164
1 6.947456359863281
2 5.776129245758057
3 4.832341194152832
4 4.542579174041748
5 4.608191013336182
6 4.3622612953186035
7 3.8337972164154053
8 3.3397769927978516
9 2.97165846824646
10 2.8677279949188232
11 2.784871816635132
12 2.7679545879364014
13 2.5778939723968506
14 2.329224109649658
15 2.116180658340454
16 1.957297682762146
17 1.9795247316360474
18 1.9327863454818726
19 1.9232007265090942
20 1.7533620595932007
21 1.7800588607788086
22 1.6370774507522583
23 1.7530300617218018
24 1.498240351676941
25 1.523175835609436
26 1.4849363565444946
27 1.4698562622070312
28 1.4746472835540771
29 1.4021614789962769
30 1.3504199981689453
31 1.3957630395889282
32 1.427234172821045
33 1.3410803079605103
34 1.3756662607192993
35 1.3614890575408936
36 1.2997676134109497
37 1.35337495803833
38 1.2601045370101929
39 1.1820886135101318
40 1.1932381391525269
41 1.2367901802062988
42 1.2110185623168945
43 1.2234872579574585
44 1.219665765762329
45 1.211693525314331
46 1.166475534439087
47 1.2336519956588745
48 1.1741890907287598
49 1.1556237936019897
50 1.1203703880310059
51 1.1370141506195068
52 1.200549840927124
53 1.118971347808838
54 1.1156654357910156
55 1.078978419303894
56 1.0080777406692505
57 1.1752897500991821
58 1.073028802871704
59 1.0804617404937744
60 1.1319724321365356
61 1.0628372430801392
62 1.102789044380188
63 1.0832841396331787
64 1.0752313137054443
65 1.0755952596664429
66 1.0601160526275635
67 0.9917608499526978
68 1.1096434593200684
69 1.1134488582611084
70 1.1010725498199463
71 1.014385461807251
72 1.0127618312835693
73 1.0581854581832886
74 1.048032283782959
75 1.0298783779144287
76 0.9743594527244568
77 0.9965066313743591
78 0.9833409786224365
79 0.9845118522644043
80 1.005663275718689
81 1.0308995246887207
82 1.013667106628418
83 0.9693779349327087
84 0.9454385042190552
85 0.9691342115402222
86 0.936281681060791
87 0.9489917755126953
88 0.922822892665863
89 0.9308959245681763
90 0.9781616926193237
91 0.9041793942451477
92 0.9646638631820679
93 1.0042519569396973
94 0.9447079300880432
95 0.9625186920166016
96 0.9487224221229553
97 0.9537676572799683
98 0.9563493132591248
99 0.9213732481002808
100 0.9284583926200867
101 0.9854316115379333
102 0.9391486048698425
103 1.0028600692749023
104 0.9328969717025757
105 0.955632746219635
106 0.9629729986190796
107 0.9281558990478516
108 0.9557748436927795
109 0.9477885365486145
110 0.9405015707015991
111 0.9267317056655884
112 0.9029145240783691
113 0.978179395198822
114 0.8783960938453674
115 1.0072838068008423
116 0.9589411616325378
117 0.9158114790916443
118 0.9017492532730103
119 0.8698262572288513
120 0.8978456258773804
121 0.9122774600982666
122 0.8853305578231812
123 0.9094077348709106
124 0.9300819039344788
125 0.9064739942550659
126 0.9028195738792419
127 0.9191775918006897
128 0.8984746336936951
129 0.8765454888343811
130 0.8838782906532288
131 0.875906229019165
132 0.8992367386817932
133 0.9108618497848511
134 0.9158515334129333
135 0.875945508480072
136 0.8619572520256042
137 0.917167603969574
138 0.8642776012420654
139 0.9149198532104492
140 0.876151442527771
141 0.8902670741081238
142 0.910883903503418
143 0.8501423001289368
144 0.908284604549408
145 0.906872034072876
146 0.8885606527328491
147 0.8765532374382019
148 0.8697077631950378
149 0.8760865330696106
150 0.8655325770378113
151 0.8552287817001343
152 0.9108749628067017
153 0.8511751890182495
154 0.7967891693115234
155 0.8745386004447937
156 0.8272495269775391
157 0.8442931771278381
158 0.8441612720489502
159 0.9270856976509094
160 0.8723680973052979
161 0.8775848150253296
162 0.8754019737243652
163 0.8701065182685852
164 0.8719048500061035
165 0.8980344533920288
166 0.8185396790504456
167 0.8561102747917175
168 0.8434991240501404
169 0.8093513250350952
170 0.8092129230499268
171 0.8686031103134155
172 0.8305217623710632
173 0.8116320371627808
174 0.8278969526290894
175 0.8409486413002014
176 0.8689109086990356
177 0.8370315432548523
178 0.87465900182724
179 0.883935809135437
180 0.8888490200042725
181 0.8256409764289856
182 0.8923761248588562
183 0.8508754968643188
184 0.7983673810958862
185 0.8323577642440796
186 0.8448973298072815
187 0.8382381796836853
188 0.8459680080413818
189 0.8587708473205566
190 0.8576356172561646
191 0.7987033128738403
192 0.8013938069343567
193 0.8419318199157715
194 0.7689274549484253
195 0.836326003074646
196 0.7869148850440979
197 0.7372826337814331
198 0.769318163394928
199 0.8105489611625671
200 0.835871160030365
201 0.8442307710647583
202 0.8008989095687866
203 0.768784761428833
204 0.8427268862724304
205 0.8474916815757751
206 0.7216753959655762
207 0.8079598546028137
208 0.7761268019676208
209 0.7682240605354309
210 0.7947317957878113
211 0.8188826441764832
212 0.7998020648956299
213 0.7963997721672058
214 0.774208128452301
215 0.7794861793518066
216 0.782160758972168
217 0.8387739062309265
218 0.7470707893371582
219 0.8328762054443359
220 0.8446055054664612
221 0.7655446529388428
222 0.7877278327941895
223 0.8627437949180603
224 0.7513622641563416
225 0.8480930924415588
226 0.8281186819076538
227 0.8280991911888123
228 0.7533921003341675
229 0.7899248003959656
230 0.8013238906860352
231 0.7482970356941223
232 0.8282027244567871
233 0.7616181373596191
234 0.828039824962616
235 0.7190634608268738
236 0.7241753339767456
237 0.7581688165664673
238 0.7791917324066162
239 0.7174297571182251
240 0.7812783122062683
241 0.7684850096702576
242 0.6979992985725403
243 0.7528852224349976
244 0.7129665017127991
245 0.7682096362113953
246 0.7873988151550293
247 0.7690197229385376
248 0.7898123860359192
249 0.7731544971466064
250 0.714409351348877
251 0.8391221165657043
252 0.7445693612098694
253 0.7106755375862122
254 0.7067410349845886
255 0.775140643119812
256 0.7058143615722656
257 0.7317538261413574
258 0.8077066540718079
259 0.8332449197769165
260 0.7166603207588196
261 0.706561267375946
262 0.7007874846458435
263 0.7426144480705261
264 0.7800837755203247
265 0.7547102570533752
266 0.7289837598800659
267 0.7611280083656311
268 0.7845152020454407
269 0.7848670482635498
270 0.7530299425125122
271 0.7160230278968811
272 0.667845606803894
273 0.7798389196395874
274 0.7528456449508667
275 0.7581942081451416
276 0.7181458473205566
277 0.8004834651947021
278 0.7316988110542297
279 0.7186420559883118
280 0.7207090854644775
281 0.8208728432655334
282 0.7485252618789673
283 0.6881113052368164
284 0.7627086043357849
285 0.7178745269775391
286 0.7948324680328369
287 0.6947168111801147
288 0.7298622727394104
289 0.7429757118225098
290 0.7540621757507324
291 0.7443080544471741
292 0.723013162612915
293 0.7839751839637756
294 0.7654247879981995
295 0.772109866142273
296 0.7123391032218933
297 0.7525777816772461
298 0.7583304643630981
299 0.799373209476471
300 0.7160651683807373
301 0.761336624622345
302 0.8001930117607117
303 0.7006011605262756
304 0.6942163705825806
305 0.7212675213813782
306 0.6802920699119568
307 0.7542104721069336
308 0.7647022008895874
309 0.7069586515426636
310 0.7640369534492493
311 0.7411338686943054
312 0.6899568438529968
313 0.7190520763397217
314 0.726253092288971
315 0.7106963396072388
316 0.6662629246711731
317 0.7563309669494629
318 0.7257888913154602
319 0.6967963576316833
320 0.7098950743675232
321 0.6800063252449036
322 0.71512371301651
323 0.7382607460021973
324 0.8336386680603027
325 0.7132765650749207
326 0.8028451204299927
327 0.7308517694473267
328 0.6841284036636353
329 0.6720980405807495
330 0.6491607427597046
331 0.7570788860321045
332 0.7050855159759521
333 0.7413379549980164
334 0.7092940807342529
335 0.7164686322212219
336 0.646487295627594
337 0.7210105657577515
338 0.7423632740974426
339 0.662511944770813
340 0.7489994764328003
341 0.7164261937141418
342 0.7084739804267883
343 0.7759594321250916
344 0.7381098866462708
345 0.7114866375923157
346 0.7808473110198975
347 0.7604416012763977
348 0.6828919649124146
349 0.6757997870445251
350 0.7543380260467529
351 0.6871100664138794
352 0.702357292175293
353 0.7266780734062195
354 0.6798544526100159
355 0.6721007823944092
356 0.7078403830528259
357 0.7282872796058655
358 0.7004876732826233
359 0.6608166694641113
360 0.6320518255233765
361 0.7101703882217407
362 0.7026578187942505
363 0.7824326157569885
364 0.6877777576446533
365 0.6742854714393616
366 0.7080020308494568
367 0.6638445854187012
368 0.6750436425209045
369 0.7634388208389282
370 0.686506450176239
371 0.7031984329223633
372 0.6557574272155762
373 0.7360841631889343
374 0.7022032737731934
375 0.6759079694747925
376 0.672370195388794
377 0.6872014999389648
378 0.7013993263244629
379 0.6551973819732666
380 0.6372736692428589
381 0.6717341542243958
382 0.661567747592926
383 0.7015555500984192
384 0.6656102538108826
385 0.6506930589675903
386 0.721653938293457
387 0.6233461499214172
388 0.7140507102012634
389 0.7657902836799622
390 0.6777471899986267
391 0.6924832463264465
392 0.7133982181549072
393 0.6538148522377014
394 0.6937541365623474
395 0.7206899523735046
396 0.6279414296150208
397 0.684089183807373
398 0.7032762169837952
399 0.7272910475730896
400 0.6130514144897461
401 0.6298680305480957
402 0.6748632192611694
403 0.6971998810768127
404 0.5860742926597595
405 0.671050488948822
406 0.7315740585327148
407 0.7083751559257507
408 0.7436209321022034
409 0.6676333546638489
410 0.6142371296882629
411 0.6941347718238831
412 0.637444794178009
413 0.6565778255462646
414 0.6311120986938477
415 0.7293232083320618
416 0.624431848526001
417 0.6556596159934998
418 0.6761429309844971
419 0.669684886932373
420 0.6679401397705078
421 0.6340019702911377
422 0.6491089463233948
423 0.6939938068389893
424 0.6861361861228943
425 0.7161890864372253
426 0.6202682852745056
427 0.6661837697029114
428 0.7597469687461853
429 0.7441366910934448
430 0.7078572511672974
431 0.6636472344398499
432 0.6712891459465027
433 0.6734338402748108
434 0.6645834445953369
435 0.6696982979774475
436 0.6268272399902344
437 0.6801829934120178
438 0.6690847277641296
439 0.6631940603256226
440 0.6117632985115051
441 0.5977461934089661
442 0.6057302951812744
443 0.6558551788330078
444 0.6061040759086609
445 0.6556376218795776
446 0.6311061382293701
447 0.6652675867080688
448 0.7020998597145081
449 0.6895876526832581
450 0.6359098553657532
451 0.6573405861854553
452 0.6935950517654419
453 0.695769190788269
454 0.6707690358161926
455 0.5880746245384216
456 0.6387216448783875
457 0.682185173034668
458 0.7251546382904053
459 0.6697306632995605
460 0.6701233983039856
461 0.6719300150871277
462 0.6459606885910034
463 0.6956114172935486
464 0.6014493703842163
465 0.6816072463989258
466 0.6704249978065491
467 0.676323652267456
468 0.6466310024261475
469 0.6313570737838745
470 0.6342272162437439
471 0.6379729509353638
472 0.610994279384613
473 0.6716400384902954
474 0.6718088984489441
475 0.5968825221061707
476 0.6797455549240112
477 0.6120229363441467
478 0.594558835029602
479 0.6465840339660645
480 0.6144088506698608
481 0.7231477499008179
482 0.7475839257240295
483 0.6125385761260986
484 0.6960434317588806
485 0.6583901047706604
486 0.6335209012031555
487 0.6601523160934448
488 0.6081234216690063
489 0.7082095742225647
490 0.6541001200675964
491 0.6132992506027222
492 0.7185050249099731
493 0.6070345640182495
494 0.626828134059906
495 0.5822126865386963
496 0.5783898830413818
497 0.5885973572731018
498 0.6819081902503967
499 0.5913246870040894
500 0.658208429813385
MEAN TRAIN LOSS
0 6.603231906890869
50 1.0116456747055054
100 0.8410524725914001
150 0.7725305557250977
200 0.7199322581291199
250 0.6745206713676453
300 0.6471604704856873
350 0.6499355435371399
400 0.599760890007019
450 0.5693174004554749
500 0.5566040873527527
MEAN VAL LOSS
0 6.591701507568359
50 1.003590703010559
100 0.8343769907951355
150 0.7680841088294983
200 0.7145830988883972
250 0.6753643155097961
300 0.6351622343063354
350 0.6495426297187805
400 0.5889667868614197
450 0.5619015693664551
500 0.5537281036376953
