TIME STEP LOSS
0 13.382125854492188
1 11.267786026000977
2 8.581243515014648
3 6.740874290466309
4 5.025147914886475
5 4.630698204040527
6 4.677577495574951
7 4.405342102050781
8 3.642230987548828
9 3.1878230571746826
10 3.044142007827759
11 3.136662006378174
12 3.027796745300293
13 2.630458354949951
14 2.2766497135162354
15 2.071124792098999
16 2.2356555461883545
17 2.1220619678497314
18 1.9891083240509033
19 1.75169038772583
20 1.745487093925476
21 1.7743706703186035
22 1.6650521755218506
23 1.6756529808044434
24 1.5232926607131958
25 1.4752401113510132
26 1.3286584615707397
27 1.3973886966705322
28 1.4406797885894775
29 1.4243067502975464
30 1.3652317523956299
31 1.2820903062820435
32 1.251985788345337
33 1.3295726776123047
34 1.2307969331741333
35 1.2131551504135132
36 1.2351754903793335
37 1.2679650783538818
38 1.214904546737671
39 1.214307427406311
40 1.144101858139038
41 1.1860105991363525
42 1.177107334136963
43 1.1555588245391846
44 1.1909044981002808
45 1.1039997339248657
46 1.099471926689148
47 1.207494854927063
48 1.039508581161499
49 1.0865014791488647
50 1.1463909149169922
MEAN TRAIN LOSS
0 11.546606063842773
50 0.9695349335670471
MEAN VAL LOSS
0 11.519946098327637
50 0.9718180894851685
