TIME STEP LOSS
0 8.726839065551758
1 7.392418384552002
2 6.074294090270996
3 5.301255226135254
4 4.792222499847412
5 4.936368465423584
6 4.6213603019714355
7 4.023194789886475
8 3.4232561588287354
9 3.1475260257720947
10 3.031550168991089
11 2.97963285446167
12 3.0107429027557373
13 2.8888182640075684
14 2.5911977291107178
15 2.383598804473877
16 2.101590394973755
17 2.0985238552093506
18 2.064208745956421
19 2.101316213607788
20 2.0323121547698975
21 1.8777929544448853
22 1.853179931640625
23 1.7171562910079956
24 1.6561766862869263
25 1.6738630533218384
26 1.552264928817749
27 1.6041648387908936
28 1.5290272235870361
29 1.4541661739349365
30 1.4377328157424927
31 1.553668737411499
32 1.4709194898605347
33 1.432633876800537
34 1.3979336023330688
35 1.350530743598938
36 1.34089994430542
37 1.337188720703125
38 1.3122048377990723
39 1.2859479188919067
40 1.3102259635925293
41 1.3078678846359253
42 1.179323434829712
43 1.221705675125122
44 1.290274977684021
45 1.2639195919036865
46 1.135496735572815
47 1.214429497718811
48 1.2672542333602905
49 1.2238106727600098
50 1.2616926431655884
51 1.2115044593811035
52 1.1471894979476929
53 1.2144274711608887
54 1.1394990682601929
55 1.1264443397521973
56 1.154205083847046
57 1.1665136814117432
58 1.1274702548980713
59 1.045273780822754
60 1.1764471530914307
61 1.1020437479019165
62 1.118888020515442
63 1.0915262699127197
64 1.095592737197876
65 1.1145669221878052
66 1.0769742727279663
67 1.0404361486434937
68 1.0697662830352783
69 1.0599297285079956
70 1.0593979358673096
71 1.060213327407837
72 1.0387232303619385
73 1.0886732339859009
74 1.058799147605896
75 1.0826914310455322
76 1.0652071237564087
77 1.0558290481567383
78 1.1284633874893188
79 1.01105535030365
80 1.0984041690826416
81 1.0469539165496826
82 1.0602762699127197
83 1.0186253786087036
84 1.0779194831848145
85 1.0525767803192139
86 1.0296101570129395
87 1.0732029676437378
88 1.0056366920471191
89 0.9828065037727356
90 1.0071430206298828
91 0.9350332617759705
92 0.9650425910949707
93 0.9515813589096069
94 0.9695580005645752
95 0.983257532119751
96 1.0354375839233398
97 1.0377919673919678
98 0.9655534029006958
99 1.0102362632751465
100 0.9293790459632874
MEAN TRAIN LOSS
0 7.043070316314697
50 1.0371352434158325
100 0.8436645865440369
MEAN VAL LOSS
0 7.0140814781188965
50 1.0269149541854858
100 0.8501749038696289
