TIME STEP LOSS
0 12.136457443237305
1 11.017611503601074
2 9.595526695251465
3 7.940246105194092
4 6.365079402923584
5 5.107877254486084
6 4.748014450073242
7 4.935305118560791
8 4.937679290771484
9 4.198962211608887
10 3.58223295211792
11 3.1192243099212646
12 3.0859546661376953
13 3.157654047012329
14 3.051837921142578
15 2.7723388671875
16 2.4573001861572266
17 2.2101283073425293
18 2.109229803085327
19 2.041620969772339
20 1.9998010396957397
21 2.070185422897339
22 1.9259501695632935
23 1.8623802661895752
24 1.6425223350524902
25 1.5808931589126587
26 1.632385492324829
27 1.5468707084655762
28 1.5552574396133423
29 1.538456916809082
30 1.4744946956634521
31 1.4774246215820312
32 1.4159246683120728
33 1.4725342988967896
34 1.359933853149414
35 1.446609377861023
36 1.3113480806350708
37 1.3140723705291748
38 1.3289868831634521
39 1.2826673984527588
40 1.2893500328063965
41 1.2407889366149902
42 1.2718327045440674
43 1.2828865051269531
44 1.246681571006775
45 1.1994667053222656
46 1.2294056415557861
47 1.17002272605896
48 1.1876933574676514
49 1.2209397554397583
50 1.211052656173706
MEAN TRAIN LOSS
0 11.277653694152832
50 0.9994686245918274
MEAN VAL LOSS
0 11.35073471069336
50 1.030893087387085
