TIME STEP LOSS
0 8.623021125793457
1 7.372310161590576
2 6.195934772491455
3 5.07980489730835
4 4.39998197555542
5 4.436032295227051
6 4.329012393951416
7 3.881767988204956
8 3.3904435634613037
9 2.956106662750244
10 2.653554677963257
11 2.700802803039551
12 2.7771477699279785
13 2.6217308044433594
14 2.5230751037597656
15 2.355787992477417
16 2.1404998302459717
17 2.0748980045318604
18 1.9938567876815796
19 2.0578930377960205
20 1.9092358350753784
21 1.8343666791915894
22 1.7961543798446655
23 1.8147876262664795
24 1.623805284500122
25 1.6489927768707275
26 1.5965352058410645
27 1.4444732666015625
28 1.4956634044647217
29 1.4452937841415405
30 1.411222219467163
31 1.4208345413208008
32 1.3995715379714966
33 1.4080837965011597
34 1.4631457328796387
35 1.4403403997421265
36 1.381453275680542
37 1.3409159183502197
38 1.3047409057617188
39 1.3152716159820557
40 1.2877497673034668
41 1.2829340696334839
42 1.2405757904052734
43 1.2408421039581299
44 1.2767524719238281
45 1.2879221439361572
46 1.2196155786514282
47 1.1962103843688965
48 1.2938581705093384
49 1.2650585174560547
50 1.1467205286026
51 1.1883710622787476
52 1.1561821699142456
53 1.112009882926941
54 1.091392159461975
55 1.1906689405441284
56 1.100050926208496
57 1.1481736898422241
58 1.1720356941223145
59 1.138903260231018
60 1.128675937652588
61 1.0972925424575806
62 1.1202367544174194
63 1.108888030052185
64 1.1301796436309814
65 1.0511503219604492
66 1.0265687704086304
67 1.1166419982910156
68 1.0576543807983398
69 1.063467264175415
70 1.0418241024017334
71 1.0827454328536987
72 1.0587602853775024
73 1.054309606552124
74 1.033881425857544
75 1.0302966833114624
76 1.0361652374267578
77 1.073351502418518
78 1.0914788246154785
79 1.0260558128356934
80 1.0300676822662354
81 0.9996353387832642
82 1.0855027437210083
83 1.017655372619629
84 1.034163475036621
85 1.0049610137939453
86 1.046436071395874
87 0.9824125170707703
88 1.0262786149978638
89 0.9827582240104675
90 1.0071574449539185
91 1.0612256526947021
92 0.9992733597755432
93 1.0292426347732544
94 1.0363736152648926
95 0.9835074543952942
96 1.020351767539978
97 0.9255115985870361
98 0.9861213564872742
99 1.0012407302856445
100 0.9648025035858154
101 1.0347212553024292
102 0.9823846220970154
103 0.997657299041748
104 0.9441664814949036
105 1.0280245542526245
106 0.9424681067466736
107 0.8686923384666443
108 0.9663910865783691
109 0.9192278385162354
110 0.9416772723197937
111 1.00949227809906
112 0.91548091173172
113 0.9696576595306396
114 0.9533784985542297
115 0.975598931312561
116 0.9467854499816895
117 0.9442790746688843
118 0.9530216455459595
119 0.9050145745277405
120 0.8695333003997803
121 0.9542532563209534
122 0.9133738875389099
123 0.9353742003440857
124 0.9202879667282104
125 0.8955458998680115
126 0.8958083987236023
127 0.8616147637367249
128 0.8788827061653137
129 0.9405156373977661
130 0.881428599357605
131 0.8859853744506836
132 0.9118261337280273
133 0.9211451411247253
134 0.8779342770576477
135 0.9076003432273865
136 0.8658289909362793
137 0.9399605989456177
138 0.9379075169563293
139 0.9443055391311646
140 0.925527036190033
141 0.8934441804885864
142 0.9101224541664124
143 0.8891049027442932
144 0.8454050421714783
145 0.8617145419120789
146 0.8810304999351501
147 0.8663430213928223
148 0.8643633127212524
149 0.8637566566467285
150 0.8498094081878662
151 0.9118189215660095
152 0.927100419998169
153 0.8693180084228516
154 0.8720518946647644
155 0.8990585207939148
156 0.8675428628921509
157 0.8853908181190491
158 0.859764039516449
159 0.91057950258255
160 0.8732811808586121
161 0.8843522071838379
162 0.8420249223709106
163 0.9214035868644714
164 0.857911229133606
165 0.8656303882598877
166 0.8810946345329285
167 0.8304350972175598
168 0.872848629951477
169 0.8975453972816467
170 0.8715518116950989
171 0.8569945096969604
172 0.8592716455459595
173 0.8989202976226807
174 0.8471279740333557
175 0.8971461653709412
176 0.7994925379753113
177 0.8307871222496033
178 0.8249307870864868
179 0.9030664563179016
180 0.8566917777061462
181 0.8336209654808044
182 0.8112267851829529
183 0.8008416295051575
184 0.8679608702659607
185 0.8246373534202576
186 0.8074933290481567
187 0.8353612422943115
188 0.8017335534095764
189 0.8094905018806458
190 0.8448695540428162
191 0.8612241148948669
192 0.827856719493866
193 0.8460397720336914
194 0.859332263469696
195 0.8337643146514893
196 0.7921000719070435
197 0.8837438225746155
198 0.7932661771774292
199 0.8166825175285339
MEAN TRAIN LOSS
0 7.054575443267822
50 1.031072974205017
100 0.8550272583961487
150 0.7919082045555115
199 0.7373468279838562
MEAN VAL LOSS
0 7.065652847290039
50 1.025717854499817
100 0.8536824584007263
150 0.785234272480011
199 0.7125080227851868
